attr1,attr2,attr3,attr4,attr5,weight
0.537667139546100,0.537667139546100,0.537667139546100,0.537667139546100,0.537667139546100,0.00490545440833913
1.83388501459509,1.83388501459509,1.83388501459509,1.83388501459509,1.83388501459509,2.25462187293116e-06
-2.25884686100365,-2.25884686100365,-2.25884686100365,-2.25884686100365,-2.25884686100365,2.91542388482179e-08
0.862173320368121,0.862173320368121,0.862173320368121,0.862173320368121,0.862173320368121,0.00157570931097501
0.318765239858981,0.318765239858981,0.318765239858981,0.318765239858981,0.318765239858981,0.00783839753639688
-1.30768829630527,-1.30768829630527,-1.30768829630527,-1.30768829630527,-1.30768829630527,0.000140568679472332
-0.433592022305684,-0.433592022305684,-0.433592022305684,-0.433592022305684,-0.433592022305684,0.00631581944107323
0.342624466538650,0.342624466538650,0.342624466538650,0.342624466538650,0.342624466538650,0.00753518813775892
3.57839693972576,3.57839693972576,3.57839693972576,3.57839693972576,3.57839693972576,1.26409591666688e-16
2.76943702988488,2.76943702988488,2.76943702988488,2.76943702988488,2.76943702988488,4.75544225777088e-11
-1.34988694015652,-1.34988694015652,-1.34988694015652,-1.34988694015652,-1.34988694015652,0.000106200733326301
3.03492346633185,3.03492346633185,3.03492346633185,3.03492346633185,3.03492346633185,1.00947191095742e-12
0.725404224946106,0.725404224946106,0.725404224946106,0.725404224946106,0.725404224946106,0.00271158785872958
-0.0630548731896562,-0.0630548731896562,-0.0630548731896562,-0.0630548731896562,-0.0630548731896562,0.0100053787198361
0.714742903826096,0.714742903826096,0.714742903826096,0.714742903826096,0.714742903826096,0.00281769469485686
-0.204966058299775,-0.204966058299775,-0.204966058299775,-0.204966058299775,-0.204966058299775,0.00909782069086436
-0.124144348216312,-0.124144348216312,-0.124144348216312,-0.124144348216312,-0.124144348216312,0.00972337776675522
1.48969760778547,1.48969760778547,1.48969760778547,1.48969760778547,1.48969760778547,3.93627715592590e-05
1.40903448980048,1.40903448980048,1.40903448980048,1.40903448980048,1.40903448980048,7.06241679616108e-05
1.41719241342961,1.41719241342961,1.41719241342961,1.41719241342961,1.41719241342961,6.66684648479071e-05
0.671497133608081,0.671497133608081,0.671497133608081,0.671497133608081,0.671497133608081,0.00327327696096583
-1.20748692268504,-1.20748692268504,-1.20748692268504,-1.20748692268504,-1.20748692268504,0.000263949083971780
0.717238651328839,0.717238651328839,0.717238651328839,0.717238651328839,0.717238651328839,0.00279263167952565
1.63023528916473,1.63023528916473,1.63023528916473,1.63023528916473,1.63023528916473,1.31530036481067e-05
0.488893770311789,0.488893770311789,0.488893770311789,0.488893770311789,0.488893770311789,0.00555956471392075
1.03469300991786,1.03469300991786,1.03469300991786,1.03469300991786,1.03469300991786,0.000695300294045030
0.726885133383238,0.726885133383238,0.726885133383238,0.726885133383238,0.726885133383238,0.00269704740280028
-0.303440924786016,-0.303440924786016,-0.303440924786016,-0.303440924786016,-0.303440924786016,0.00802748778929684
0.293871467096658,0.293871467096658,0.293871467096658,0.293871467096658,0.293871467096658,0.00814302322826574
-0.787282803758638,-0.787282803758638,-0.787282803758638,-0.787282803758638,-0.787282803758638,0.00214583140831114
0.888395631757642,0.888395631757642,0.888395631757642,0.888395631757642,0.888395631757642,0.00140487118687565
-1.14707010696915,-1.14707010696915,-1.14707010696915,-1.14707010696915,-1.14707010696915,0.000376678981286704
-1.06887045816803,-1.06887045816803,-1.06887045816803,-1.06887045816803,-1.06887045816803,0.000580916919587189
-0.809498694424876,-0.809498694424876,-0.809498694424876,-0.809498694424876,-0.809498694424876,0.00196372321793592
-2.94428416199490,-2.94428416199490,-2.94428416199490,-2.94428416199490,-2.94428416199490,3.91300407046881e-12
1.43838029281510,1.43838029281510,1.43838029281510,1.43838029281510,1.43838029281510,5.73098909093809e-05
0.325190539456198,0.325190539456198,0.325190539456198,0.325190539456198,0.325190539456198,0.00775773488699379
-0.754928319169703,-0.754928319169703,-0.754928319169703,-0.754928319169703,-0.754928319169703,0.00243092220903512
1.37029854009523,1.37029854009523,1.37029854009523,1.37029854009523,1.37029854009523,9.24365690668202e-05
-1.71151641885370,-1.71151641885370,-1.71151641885370,-1.71151641885370,-1.71151641885370,6.66984593811201e-06
-0.102242446085491,-0.102242446085491,-0.102242446085491,-0.102242446085491,-0.102242446085491,0.00984465647863748
-0.241447041607358,-0.241447041607358,-0.241447041607358,-0.241447041607358,-0.241447041607358,0.00873485137192360
0.319206739165502,0.319206739165502,0.319206739165502,0.319206739165502,0.319206739165502,0.00783287998958370
0.312858596637428,0.312858596637428,0.312858596637428,0.312858596637428,0.312858596637428,0.00791184781345936
-0.864879917324457,-0.864879917324457,-0.864879917324457,-0.864879917324457,-0.864879917324457,0.00155740260135874
-0.0300512961962686,-0.0300512961962686,-0.0300512961962686,-0.0300512961962686,-0.0300512961962686,0.0100825369442200
-0.164879019209038,-0.164879019209038,-0.164879019209038,-0.164879019209038,-0.164879019209038,0.00944135856437700
0.627707287528727,0.627707287528727,0.627707287528727,0.627707287528727,0.627707287528727,0.00377357004878842
1.09326566903948,1.09326566903948,1.09326566903948,1.09326566903948,1.09326566903948,0.000509150338876280
1.10927329761440,1.10927329761440,1.10927329761440,1.10927329761440,1.10927329761440,0.000466193027256532
-0.863652821988714,-0.863652821988714,-0.863652821988714,-0.863652821988714,-0.863652821988714,0.00156568295322210
0.0773590911304249,0.0773590911304249,0.0773590911304249,0.0773590911304249,0.0773590911304249,0.00995526483630110
-1.21411704361541,-1.21411704361541,-1.21411704361541,-1.21411704361541,-1.21411704361541,0.000253564290659802
-1.11350074148676,-1.11350074148676,-1.11350074148676,-1.11350074148676,-1.11350074148676,0.000455369027059819
-0.00684932810334806,-0.00684932810334806,-0.00684932810334806,-0.00684932810334806,-0.00684932810334806,0.0101041408979474
1.53263030828475,1.53263030828475,1.53263030828475,1.53263030828475,1.53263030828475,2.84579835266615e-05
-0.769665913753682,-0.769665913753682,-0.769665913753682,-0.769665913753682,-0.769665913753682,0.00229813647433615
0.371378812760058,0.371378812760058,0.371378812760058,0.371378812760058,0.371378812760058,0.00715818929006683
-0.225584402271252,-0.225584402271252,-0.225584402271252,-0.225584402271252,-0.225584402271252,0.00889813591091164
1.11735613881447,1.11735613881447,1.11735613881447,1.11735613881447,1.11735613881447,0.000445682154361009
-1.08906429505224,-1.08906429505224,-1.08906429505224,-1.08906429505224,-1.08906429505224,0.000520955848836765
0.0325574641649735,0.0325574641649735,0.0325574641649735,0.0325574641649735,0.0325574641649735,0.0100785826413223
0.552527021112224,0.552527021112224,0.552527021112224,0.552527021112224,0.552527021112224,0.00471075098591505
1.10061021788087,1.10061021788087,1.10061021788087,1.10061021788087,1.10061021788087,0.000489048057959403
1.54421189550395,1.54421189550395,1.54421189550395,1.54421189550395,1.54421189550395,2.60324007897909e-05
0.0859311331754255,0.0859311331754255,0.0859311331754255,0.0859311331754255,0.0859311331754255,0.00992048899404820
-1.49159031063761,-1.49159031063761,-1.49159031063761,-1.49159031063761,-1.49159031063761,3.88113897950755e-05
-0.742301837259857,-0.742301837259857,-0.742301837259857,-0.742301837259857,-0.742301837259857,0.00254857038585888
-1.06158173331999,-1.06158173331999,-1.06158173331999,-1.06158173331999,-1.06158173331999,0.000603911975051350
2.35045722400204,2.35045722400204,2.35045722400204,2.35045722400204,2.35045722400204,1.01446884821340e-08
-0.615601881466894,-0.615601881466894,-0.615601881466894,-0.615601881466894,-0.615601881466894,0.00391826291552457
0.748076783703985,0.748076783703985,0.748076783703985,0.748076783703985,0.748076783703985,0.00249431820459008
-0.192418510588264,-0.192418510588264,-0.192418510588264,-0.192418510588264,-0.192418510588264,0.00921193941248670
0.888610425420721,0.888610425420721,0.888610425420721,0.888610425420721,0.888610425420721,0.00140353126432543
-0.764849236567874,-0.764849236567874,-0.764849236567874,-0.764849236567874,-0.764849236567874,0.00234099657688427
-1.40226896933876,-1.40226896933876,-1.40226896933876,-1.40226896933876,-1.40226896933876,7.40634557594367e-05
-1.42237592509150,-1.42237592509150,-1.42237592509150,-1.42237592509150,-1.42237592509150,6.42598301966105e-05
0.488193909859941,0.488193909859941,0.488193909859941,0.488193909859941,0.488193909859941,0.00556907726645926
-0.177375156618825,-0.177375156618825,-0.177375156618825,-0.177375156618825,-0.177375156618825,0.00934094801378231
-0.196053487807333,-0.196053487807333,-0.196053487807333,-0.196053487807333,-0.196053487807333,0.00917947659998899
1.41931015064255,1.41931015064255,1.41931015064255,1.41931015064255,1.41931015064255,6.56747568109735e-05
0.291584373984183,0.291584373984183,0.291584373984183,0.291584373984183,0.291584373984183,0.00817032751087952
0.197811053464361,0.197811053464361,0.197811053464361,0.197811053464361,0.197811053464361,0.00916360427207148
1.58769908997406,1.58769908997406,1.58769908997406,1.58769908997406,1.58769908997406,1.85199196597057e-05
-0.804465956349547,-0.804465956349547,-0.804465956349547,-0.804465956349547,-0.804465956349547,0.00200400749982908
0.696624415849607,0.696624415849607,0.696624415849607,0.696624415849607,0.696624415849607,0.00300371144109587
0.835088165072682,0.835088165072682,0.835088165072682,0.835088165072682,0.835088165072682,0.00176761645656196
-0.243715140377952,-0.243715140377952,-0.243715140377952,-0.243715140377952,-0.243715140377952,0.00871085491077843
0.215670086403744,0.215670086403744,0.215670086403744,0.215670086403744,0.215670086403744,0.00899598752649877
-1.16584393148205,-1.16584393148205,-1.16584393148205,-1.16584393148205,-1.16584393148205,0.000337929640802261
-1.14795277889859,-1.14795277889859,-1.14795277889859,-1.14795277889859,-1.14795277889859,0.000374776157902889
0.104874716016494,0.104874716016494,0.104874716016494,0.104874716016494,0.104874716016494,0.00983124764035747
0.722254032225002,0.722254032225002,0.722254032225002,0.722254032225002,0.722254032225002,0.00274267959061690
2.58549125261624,2.58549125261624,2.58549125261624,2.58549125261624,2.58549125261624,5.58031775732667e-10
-0.666890670701386,-0.666890670701386,-0.666890670701386,-0.666890670701386,-0.666890670701386,0.00332411906546637
0.187331024578940,0.187331024578940,0.187331024578940,0.187331024578940,0.187331024578940,0.00925654002137136
-0.0824944253709554,-0.0824944253709554,-0.0824944253709554,-0.0824944253709554,-0.0824944253709554,0.00993485506343328
-1.93302291785099,-1.93302291785099,-1.93302291785099,-1.93302291785099,-1.93302291785099,8.86365300412476e-07
-0.438966153934773,-0.438966153934773,-0.438966153934773,-0.438966153934773,-0.438966153934773,0.00624221072323662
-1.79467884145512,-1.79467884145512,-1.79467884145512,-1.79467884145512,-1.79467884145512,3.21760576590544e-06
0.840375529753905,0.840375529753905,0.840375529753905,0.840375529753905,0.840375529753905,0.00172889942480767
-0.888032082329010,-0.888032082329010,-0.888032082329010,-0.888032082329010,-0.888032082329010,0.00140714125119428
0.100092833139322,0.100092833139322,0.100092833139322,0.100092833139322,0.100092833139322,0.00985536695026130
-0.544528929990548,-0.544528929990548,-0.544528929990548,-0.544528929990548,-0.544528929990548,0.00481522717088141
0.303520794649354,0.303520794649354,0.303520794649354,0.303520794649354,0.303520794649354,0.00802651495787831
-0.600326562133734,-0.600326562133734,-0.600326562133734,-0.600326562133734,-0.600326562133734,0.00410449477556718
0.489965321173948,0.489965321173948,0.489965321173948,0.489965321173948,0.489965321173948,0.00554500528036028
0.739363123604474,0.739363123604474,0.739363123604474,0.739363123604474,0.739363123604474,0.00257646432295482
1.71188778298155,1.71188778298155,1.71188778298155,1.71188778298155,1.71188778298155,6.64868066096513e-06
-0.194123535758265,-0.194123535758265,-0.194123535758265,-0.194123535758265,-0.194123535758265,0.00919677376761882
-2.13835526943994,-2.13835526943994,-2.13835526943994,-2.13835526943994,-2.13835526943994,1.09635916384546e-07
-0.839588747336614,-0.839588747336614,-0.839588747336614,-0.839588747336614,-0.839588747336614,0.00173462187700838
1.35459432800464,1.35459432800464,1.35459432800464,1.35459432800464,1.35459432800464,0.000102873842589493
-1.07215528838425,-1.07215528838425,-1.07215528838425,-1.07215528838425,-1.07215528838425,0.000570792351509582
0.960953869740567,0.960953869740567,0.960953869740567,0.960953869740567,0.960953869740567,0.00100449182165797
0.124049800003193,0.124049800003193,0.124049800003193,0.124049800003193,0.124049800003193,0.00972394821305849
1.43669662271894,1.43669662271894,1.43669662271894,1.43669662271894,1.43669662271894,5.80076516944233e-05
-1.96089999936503,-1.96089999936503,-1.96089999936503,-1.96089999936503,-1.96089999936503,6.75701325447972e-07
-0.197698225974150,-0.197698225974150,-0.197698225974150,-0.197698225974150,-0.197698225974150,0.00916462662810652
-1.20784548525980,-1.20784548525980,-1.20784548525980,-1.20784548525980,-1.20784548525980,0.000263378220874804
2.90800803072936,2.90800803072936,2.90800803072936,2.90800803072936,2.90800803072936,6.65289223677152e-12
0.825218894228491,0.825218894228491,0.825218894228491,0.825218894228491,0.825218894228491,0.00184153056469088
1.37897197791661,1.37897197791661,1.37897197791661,1.37897197791661,1.37897197791661,8.70870856287788e-05
-1.05818025798736,-1.05818025798736,-1.05818025798736,-1.05818025798736,-1.05818025798736,0.000614896675242223
-0.468615581100624,-0.468615581100624,-0.468615581100624,-0.468615581100624,-0.468615581100624,0.00583609089741485
-0.272469409250188,-0.272469409250188,-0.272469409250188,-0.272469409250188,-0.272469409250188,0.00839355093808663
1.09842461788862,1.09842461788862,1.09842461788862,1.09842461788862,1.09842461788862,0.000494959672217184
-0.277871932787639,-0.277871932787639,-0.277871932787639,-0.277871932787639,-0.277871932787639,0.00833139230259811
0.701541458163284,0.701541458163284,0.701541458163284,0.701541458163284,0.701541458163284,0.00295252745856879
-2.05181629991115,-2.05181629991115,-2.05181629991115,-2.05181629991115,-2.05181629991115,2.71428254772349e-07
-0.353849997774433,-0.353849997774433,-0.353849997774433,-0.353849997774433,-0.353849997774433,0.00738933733653376
-0.823586525156853,-0.823586525156853,-0.823586525156853,-0.823586525156853,-0.823586525156853,0.00185396335561694
-1.57705702279920,-1.57705702279920,-1.57705702279920,-1.57705702279920,-1.57705702279920,2.01468058867345e-05
0.507974650905946,0.507974650905946,0.507974650905946,0.507974650905946,0.507974650905946,0.00530137912011395
0.281984063670556,0.281984063670556,0.281984063670556,0.281984063670556,0.281984063670556,0.00828357867831507
0.0334798822444514,0.0334798822444514,0.0334798822444514,0.0334798822444514,0.0334798822444514,0.0100770479401593
-1.33367794342811,-1.33367794342811,-1.33367794342811,-1.33367794342811,-1.33367794342811,0.000118400832061819
1.12749227834159,1.12749227834159,1.12749227834159,1.12749227834159,1.12749227834159,0.000421037034455461
0.350179410603312,0.350179410603312,0.350179410603312,0.350179410603312,0.350179410603312,0.00743723071576485
-0.299066030332982,-0.299066030332982,-0.299066030332982,-0.299066030332982,-0.299066030332982,0.00808056169408046
0.0228897927516298,0.0228897927516298,0.0228897927516298,0.0228897927516298,0.0228897927516298,0.0100920981517314
-0.261995434966092,-0.261995434966092,-0.261995434966092,-0.261995434966092,-0.261995434966092,0.00851184389562282
-1.75021236844679,-1.75021236844679,-1.75021236844679,-1.75021236844679,-1.75021236844679,4.77173301905517e-06
-0.285650971595330,-0.285650971595330,-0.285650971595330,-0.285650971595330,-0.285650971595330,0.00824058567967037
-0.831366511567624,-0.831366511567624,-0.831366511567624,-0.831366511567624,-0.831366511567624,0.00179523677544763
-0.979206305167302,-0.979206305167302,-0.979206305167302,-0.979206305167302,-0.979206305167302,0.000919385416933296
-1.15640165566400,-1.15640165566400,-1.15640165566400,-1.15640165566400,-1.15640165566400,0.000356971490084999
-0.533557109315987,-0.533557109315987,-0.533557109315987,-0.533557109315987,-0.533557109315987,0.00495974655031627
-2.00263573588306,-2.00263573588306,-2.00263573588306,-2.00263573588306,-2.00263573588306,4.46839041811042e-07
0.964229422631628,0.964229422631628,0.964229422631628,0.964229422631628,0.964229422631628,0.000988780082373245
0.520060101455458,0.520060101455458,0.520060101455458,0.520060101455458,0.520060101455458,0.00513924581521567
-0.0200278516425381,-0.0200278516425381,-0.0200278516425381,-0.0200278516425381,-0.0200278516425381,0.0100951976023769
-0.0347710860284830,-0.0347710860284830,-0.0347710860284830,-0.0347710860284830,-0.0347710860284830,0.0100748280621924
-0.798163584564142,-0.798163584564142,-0.798163584564142,-0.798163584564142,-0.798163584564142,0.00205525482696164
1.01868528212858,1.01868528212858,1.01868528212858,1.01868528212858,1.01868528212858,0.000754849681350502
-0.133217479507735,-0.133217479507735,-0.133217479507735,-0.133217479507735,-0.133217479507735,0.00966678101941248
-0.714530163787158,-0.714530163787158,-0.714530163787158,-0.714530163787158,-0.714530163787158,0.00281983740519227
1.35138576842666,1.35138576842666,1.35138576842666,1.35138576842666,1.35138576842666,0.000105131206330348
-0.224771056052584,-0.224771056052584,-0.224771056052584,-0.224771056052584,-0.224771056052584,0.00890628799763806
-0.589029030720801,-0.589029030720801,-0.589029030720801,-0.589029030720801,-0.589029030720801,0.00424471472697475
-0.293753597735416,-0.293753597735416,-0.293753597735416,-0.293753597735416,-0.293753597735416,0.00814443337571327
-0.847926243637934,-0.847926243637934,-0.847926243637934,-0.847926243637934,-0.847926243637934,0.00167466865254811
-1.12012830124373,-1.12012830124373,-1.12012830124373,-1.12012830124373,-1.12012830124373,0.000438824413502268
2.52599969211831,2.52599969211831,2.52599969211831,2.52599969211831,2.52599969211831,1.19349629140957e-09
1.65549759288735,1.65549759288735,1.65549759288735,1.65549759288735,1.65549759288735,1.06881664669726e-05
0.307535159238252,0.307535159238252,0.307535159238252,0.307535159238252,0.307535159238252,0.00797744294806986
-1.25711835935205,-1.25711835935205,-1.25711835935205,-1.25711835935205,-1.25711835935205,0.000194406527354855
-0.865468030554804,-0.865468030554804,-0.865468030554804,-0.865468030554804,-0.865468030554804,0.00155344544720602
-0.176534114231451,-0.176534114231451,-0.176534114231451,-0.176534114231451,-0.176534114231451,0.00934790149656217
0.791416061628634,0.791416061628634,0.791416061628634,0.791416061628634,0.791416061628634,0.00211111059308485
-1.33200442131525,-1.33200442131525,-1.33200442131525,-1.33200442131525,-1.33200442131525,0.000119728711497067
-2.32986715580508,-2.32986715580508,-2.32986715580508,-2.32986715580508,-2.32986715580508,1.29083031800200e-08
-1.44909729283874,-1.44909729283874,-1.44909729283874,-1.44909729283874,-1.44909729283874,5.30434018709614e-05
0.333510833065806,0.333510833065806,0.333510833065806,0.333510833065806,0.333510833065806,0.00765216736599284
0.391353604432901,0.391353604432901,0.391353604432901,0.391353604432901,0.391353604432901,0.00689067124737759
0.451679418928238,0.451679418928238,0.451679418928238,0.451679418928238,0.451679418928238,0.00606798669752722
-0.130284653145721,-0.130284653145721,-0.130284653145721,-0.130284653145721,-0.130284653145721,0.00968547543850416
0.183689095861942,0.183689095861942,0.183689095861942,0.183689095861942,0.183689095861942,0.00928786215518397
-0.476153016619074,-0.476153016619074,-0.476153016619074,-0.476153016619074,-0.476153016619074,0.00573311134135266
0.862021611556922,0.862021611556922,0.862021611556922,0.862021611556922,0.862021611556922,0.00157674006559047
-1.36169447087075,-1.36169447087075,-1.36169447087075,-1.36169447087075,-1.36169447087075,9.80314467048021e-05
0.455029556444334,0.455029556444334,0.455029556444334,0.455029556444334,0.455029556444334,0.00602208093504605
-0.848709379933659,-0.848709379933659,-0.848709379933659,-0.848709379933659,-0.848709379933659,0.00166911506367561
-0.334886938964048,-0.334886938964048,-0.334886938964048,-0.334886938964048,-0.334886938964048,0.00763459168780794
0.552783345944550,0.552783345944550,0.552783345944550,0.552783345944550,0.552783345944550,0.00470741556009599
1.03909065350496,1.03909065350496,1.03909065350496,1.03909065350496,1.03909065350496,0.000679627209445053
-1.11763868326521,-1.11763868326521,-1.11763868326521,-1.11763868326521,-1.11763868326521,0.000444979105047303
1.26065870912090,1.26065870912090,1.26065870912090,1.26065870912090,1.26065870912090,0.000190122184109050
0.660143141046978,0.660143141046978,0.660143141046978,0.660143141046978,0.660143141046978,0.00339937025816502
-0.0678655535426873,-0.0678655535426873,-0.0678655535426873,-0.0678655535426873,-0.0678655535426873,0.00998963723875923
-0.195221197898754,-0.195221197898754,-0.195221197898754,-0.195221197898754,-0.195221197898754,0.00918695297551351
-0.217606350143192,-0.217606350143192,-0.217606350143192,-0.217606350143192,-0.217606350143192,0.00897713962151241
-0.303107621351741,-0.303107621351741,-0.303107621351741,-0.303107621351741,-0.303107621351741,0.00803154600166689
0.0230456244251053,0.0230456244251053,0.0230456244251053,0.0230456244251053,0.0230456244251053,0.0100919175503832
0.0512903558487747,0.0512903558487747,0.0512903558487747,0.0512903558487747,0.0512903558487747,0.0100390838635627
0.826062790211596,0.826062790211596,0.826062790211596,0.826062790211596,0.826062790211596,0.00183512624871283
1.52697668673337,1.52697668673337,1.52697668673337,1.52697668673337,1.52697668673337,2.97156364591546e-05
0.466914435684700,0.466914435684700,0.466914435684700,0.466914435684700,0.466914435684700,0.00585935709800272
-0.209713338388737,-0.209713338388737,-0.209713338388737,-0.209713338388737,-0.209713338388737,0.00905315578283039
0.625190357087626,0.625190357087626,0.625190357087626,0.625190357087626,0.625190357087626,0.00380343709449141
0.183227263001437,0.183227263001437,0.183227263001437,0.183227263001437,0.183227263001437,0.00929179765294996
-1.02976754356662,-1.02976754356662,-1.02976754356662,-1.02976754356662,-1.02976754356662,0.000713202154932664
0.949221831131023,0.949221831131023,0.949221831131023,0.949221831131023,0.949221831131023,0.00106237546041514
0.307061919146703,0.307061919146703,0.307061919146703,0.307061919146703,0.307061919146703,0.00798324569513467
0.135174942099456,0.135174942099456,0.135174942099456,0.135174942099456,0.135174942099456,0.00965409280716218
0.515246335524849,0.515246335524849,0.515246335524849,0.515246335524849,0.515246335524849,0.00520367781279154
0.261406324055383,0.261406324055383,0.261406324055383,0.261406324055383,0.261406324055383,0.00851840781597466
-0.941485770955434,-0.941485770955434,-0.941485770955434,-0.941485770955434,-0.941485770955434,0.00110194188199659
-0.162337672803828,-0.162337672803828,-0.162337672803828,-0.162337672803828,-0.162337672803828,0.00946100688011796
-0.146054634331526,-0.146054634331526,-0.146054634331526,-0.146054634331526,-0.146054634331526,0.00958052816428627
-0.532011376808821,-0.532011376808821,-0.532011376808821,-0.532011376808821,-0.532011376808821,0.00498021145173912
1.68210359466318,1.68210359466318,1.68210359466318,1.68210359466318,1.68210359466318,8.56031196495746e-06
-0.875729346160017,-0.875729346160017,-0.875729346160017,-0.875729346160017,-0.875729346160017,0.00148558390002766
-0.483815050110121,-0.483815050110121,-0.483815050110121,-0.483815050110121,-0.483815050110121,0.00562865269969324
-0.712004549027423,-0.712004549027423,-0.712004549027423,-0.712004549027423,-0.712004549027423,0.00284535095464556
-1.17421233145682,-1.17421233145682,-1.17421233145682,-1.17421233145682,-1.17421233145682,0.000321784283356286
-0.192239517539275,-0.192239517539275,-0.192239517539275,-0.192239517539275,-0.192239517539275,0.00921352517966995
-0.274070229932602,-0.274070229932602,-0.274070229932602,-0.274070229932602,-0.274070229932602,0.00837521195642305
1.53007251442410,1.53007251442410,1.53007251442410,1.53007251442410,1.53007251442410,2.90208095530572e-05
-0.249024742513714,-0.249024742513714,-0.249024742513714,-0.249024742513714,-0.249024742513714,0.00865406633486066
-1.06421341288933,-1.06421341288933,-1.06421341288933,-1.06421341288933,-1.06421341288933,0.000595524435481132
1.60345729812004,1.60345729812004,1.60345729812004,1.60345729812004,1.60345729812004,1.63320530994605e-05
1.23467914689078,1.23467914689078,1.23467914689078,1.23467914689078,1.23467914689078,0.000223572646727067
-0.229626450963181,-0.229626450963181,-0.229626450963181,-0.229626450963181,-0.229626450963181,0.00885729882849844
-1.50615970397972,-1.50615970397972,-1.50615970397972,-1.50615970397972,-1.50615970397972,3.47967940386411e-05
-0.444627816446985,-0.444627816446985,-0.444627816446985,-0.444627816446985,-0.444627816446985,0.00616462849871598
-0.155941035724769,-0.155941035724769,-0.155941035724769,-0.155941035724769,-0.155941035724769,0.00950928411266465
0.276068253931536,0.276068253931536,0.276068253931536,0.276068253931536,0.276068253931536,0.00835222867877311
-0.261163645776479,-0.261163645776479,-0.261163645776479,-0.261163645776479,-0.261163645776479,0.00852110892825896
0.443421912904091,0.443421912904091,0.443421912904091,0.443421912904091,0.443421912904091,0.00618115489886914
0.391894209432449,0.391894209432449,0.391894209432449,0.391894209432449,0.391894209432449,0.00688338085433142
-1.25067890682641,-1.25067890682641,-1.25067890682641,-1.25067890682641,-1.25067890682641,0.000202415713848216
-0.947960922331432,-0.947960922331432,-0.947960922331432,-0.947960922331432,-0.947960922331432,0.00106874796512469
-0.741106093940412,-0.741106093940412,-0.741106093940412,-0.741106093940412,-0.741106093940412,0.00255989695766620
-0.507817550278174,-0.507817550278174,-0.507817550278174,-0.507817550278174,-0.507817550278174,0.00530349454837113
-0.320575506600239,-0.320575506600239,-0.320575506600239,-0.320575506600239,-0.320575506600239,0.00781575035811974
0.0124690413616180,0.0124690413616180,0.0124690413616180,0.0124690413616180,0.0124690413616180,0.0101013989128368
-3.02917734140415,-3.02917734140415,-3.02917734140415,-3.02917734140415,-3.02917734140415,1.10135367374236e-12
-0.457014640871583,-0.457014640871583,-0.457014640871583,-0.457014640871583,-0.457014640871583,0.00599488531406030
1.24244840639074,1.24244840639074,1.24244840639074,1.24244840639074,1.24244840639074,0.000213070433675965
-1.06670139898475,-1.06670139898475,-1.06670139898475,-1.06670139898475,-1.06670139898475,0.000587683304756956
0.933728162671239,0.933728162671239,0.933728162671239,0.933728162671239,0.933728162671239,0.00114275487991350
0.350321001356112,0.350321001356112,0.350321001356112,0.350321001356112,0.350321001356112,0.00743538680157762
-0.0290057637087263,-0.0290057637087263,-0.0290057637087263,-0.0290057637087263,-0.0290057637087263,0.0100840934570521
0.182452167505983,0.182452167505983,0.182452167505983,0.182452167505983,0.182452167505983,0.00929838407224808
-1.56505601415073,-1.56505601415073,-1.56505601415073,-1.56505601415073,-1.56505601415073,2.21384756268471e-05
-0.0845394798177242,-0.0845394798177242,-0.0845394798177242,-0.0845394798177242,-0.0845394798177242,0.00992637448202904
1.60394635060288,1.60394635060288,1.60394635060288,1.60394635060288,1.60394635060288,1.62681328265692e-05
0.0983477746401080,0.0983477746401080,0.0983477746401080,0.0983477746401080,0.0983477746401080,0.00986390269364964
0.0413736134896147,0.0413736134896147,0.0413736134896147,0.0413736134896147,0.0413736134896147,0.0100621732807705
-0.734169112696739,-0.734169112696739,-0.734169112696739,-0.734169112696739,-0.734169112696739,0.00262623667099282
-0.0308137300123200,-0.0308137300123200,-0.0308137300123200,-0.0308137300123200,-0.0308137300123200,0.0100813672977824
0.232347012624477,0.232347012624477,0.232347012624477,0.232347012624477,0.232347012624477,0.00882951226770642
0.426387557408945,0.426387557408945,0.426387557408945,0.426387557408945,0.426387557408945,0.00641440819292433
-0.372808741723504,-0.372808741723504,-0.372808741723504,-0.372808741723504,-0.372808741723504,0.00713917139284772
-0.236454583757186,-0.236454583757186,-0.236454583757186,-0.236454583757186,-0.236454583757186,0.00878710835312645
2.02369088660305,2.02369088660305,2.02369088660305,2.02369088660305,2.02369088660305,3.61499681165672e-07
-2.25835397049619,-2.25835397049619,-2.25835397049619,-2.25835397049619,-2.25835397049619,2.93169700449543e-08
2.22944568045690,2.22944568045690,2.22944568045690,2.22944568045690,2.22944568045690,4.05486734321723e-08
0.337563700613106,0.337563700613106,0.337563700613106,0.337563700613106,0.337563700613106,0.00760031339806619
1.00006081958912,1.00006081958912,1.00006081958912,1.00006081958912,1.00006081958912,0.000829243454689714
-1.66416447498706,-1.66416447498706,-1.66416447498706,-1.66416447498706,-1.66416447498706,9.94638722646262e-06
-0.590034564205222,-0.590034564205222,-0.590034564205222,-0.590034564205222,-0.590034564205222,0.00423215214741203
-0.278064163765309,-0.278064163765309,-0.278064163765309,-0.278064163765309,-0.278064163765309,0.00832916669893480
0.422715691220478,0.422715691220478,0.422715691220478,0.422715691220478,0.422715691220478,0.00646460055114247
-1.67020069785047,-1.67020069785047,-1.67020069785047,-1.67020069785047,-1.67020069785047,9.45829339141473e-06
0.471634326416303,0.471634326416303,0.471634326416303,0.471634326416303,0.471634326416303,0.00579482494457006
-1.21284719967446,-1.21284719967446,-1.21284719967446,-1.21284719967446,-1.21284719967446,0.000255525463862703
0.0661900484246114,0.0661900484246114,0.0661900484246114,0.0661900484246114,0.0661900484246114,0.00999524826619245
0.652355888661374,0.652355888661374,0.652355888661374,0.652355888661374,0.652355888661374,0.00348734987379643
0.327059967177088,0.327059967177088,0.327059967177088,0.327059967177088,0.327059967177088,0.00773412269662162
1.08263350423676,1.08263350423676,1.08263350423676,1.08263350423676,1.08263350423676,0.000539465929494381
1.00607711081905,1.00607711081905,1.00607711081905,1.00607711081905,1.00607711081905,0.000804595775973891
-0.650907736597753,-0.650907736597753,-0.650907736597753,-0.650907736597753,-0.650907736597753,0.00350384315037617
0.257056157433969,0.257056157433969,0.257056157433969,0.257056157433969,0.257056157433969,0.00856657448587934
-0.944377806404219,-0.944377806404219,-0.944377806404219,-0.944377806404219,-0.944377806404219,0.00108701891586421
-1.32178852139256,-1.32178852139256,-1.32178852139256,-1.32178852139256,-1.32178852139256,0.000128124910803940
0.924825933493706,0.924825933493706,0.924825933493706,0.924825933493706,0.924825933493706,0.00119101405915834
4.98490752508133e-05,4.98490752508133e-05,4.98490752508133e-05,4.98490752508133e-05,4.98490752508133e-05,0.0101053259510341
-0.0549189146094067,-0.0549189146094067,-0.0549189146094067,-0.0549189146094067,-0.0549189146094067,0.0100294162010841
0.911127265653860,0.911127265653860,0.911127265653860,0.911127265653860,0.911127265653860,0.00126830374950979
0.594583697409052,0.594583697409052,0.594583697409052,0.594583697409052,0.594583697409052,0.00417551698716307
0.350201173874535,0.350201173874535,0.350201173874535,0.350201173874535,0.350201173874535,0.00743694731484140
1.25025122830500,1.25025122830500,1.25025122830500,1.25025122830500,1.25025122830500,0.000202957694784178
0.929789458557716,0.929789458557716,0.929789458557716,0.929789458557716,0.929789458557716,0.00116391755742467
0.239763257058580,0.239763257058580,0.239763257058580,0.239763257058580,0.239763257058580,0.00875256293528533
-0.690361103111226,-0.690361103111226,-0.690361103111226,-0.690361103111226,-0.690361103111226,0.00306965900222593
-0.651553641750281,-0.651553641750281,-0.651553641750281,-0.651553641750281,-0.651553641750281,0.00349648172944312
1.19210187053127,1.19210187053127,1.19210187053127,1.19210187053127,1.19210187053127,0.000289469725851814
-1.61183038867781,-1.61183038867781,-1.61183038867781,-1.61183038867781,-1.61183038867781,1.52690039405688e-05
-0.0244619366359185,-0.0244619366359185,-0.0244619366359185,-0.0244619366359185,-0.0244619366359185,0.0100902200928795
-1.94884717689890,-1.94884717689890,-1.94884717689890,-1.94884717689890,-1.94884717689890,7.60183516838776e-07
1.02049801445265,1.02049801445265,1.02049801445265,1.02049801445265,1.02049801445265,0.000747906072216349
0.861716302393419,0.861716302393419,0.861716302393419,0.861716302393419,0.861716302393419,0.00157881592010861
0.00116208348351385,0.00116208348351385,0.00116208348351385,0.00116208348351385,0.00116208348351385,0.0101052918973280
-0.0708372131604802,-0.0708372131604802,-0.0708372131604802,-0.0708372131604802,-0.0708372131604802,0.00997934878347871
-2.48628392070328,-2.48628392070328,-2.48628392070328,-2.48628392070328,-2.48628392070328,1.96315688875718e-09
0.581172322675923,0.581172322675923,0.581172322675923,0.581172322675923,0.581172322675923,0.00434340864251653
-2.19243491996591,-2.19243491996591,-2.19243491996591,-2.19243491996591,-2.19243491996591,6.10471169605556e-08
-2.31928030664330,-2.31928030664330,-2.31928030664330,-2.31928030664330,-2.31928030664330,1.45985224124263e-08
0.0799337102984397,0.0799337102984397,0.0799337102984397,0.0799337102984397,0.0799337102984397,0.00994519100100553
-0.948480983570505,-0.948480983570505,-0.948480983570505,-0.948480983570505,-0.948480983570505,0.00106611603692699
0.411490621423374,0.411490621423374,0.411490621423374,0.411490621423374,0.411490621423374,0.00661772254392188
0.676977805684030,0.676977805684030,0.676977805684030,0.676977805684030,0.676977805684030,0.00321335396149738
0.857732545205355,0.857732545205355,0.857732545205355,0.857732545205355,0.857732545205355,0.00160608544094763
-0.691159125382991,-0.691159125382991,-0.691159125382991,-0.691159125382991,-0.691159125382991,0.00306121002699138
0.449377623166851,0.449377623166851,0.449377623166851,0.449377623166851,0.449377623166851,0.00609953166773712
0.100633350315076,0.100633350315076,0.100633350315076,0.100633350315076,0.100633350315076,0.00985269414426919
0.826069998469923,0.826069998469923,0.826069998469923,0.826069998469923,0.826069998469923,0.00183507161323022
0.536157079925919,0.536157079925919,0.536157079925919,0.536157079925919,0.536157079925919,0.00492538072927187
0.897888425985076,0.897888425985076,0.897888425985076,0.897888425985076,0.897888425985076,0.00134656048061002
-0.131937867924581,-0.131937867924581,-0.131937867924581,-0.131937867924581,-0.131937867924581,0.00967498424487245
-0.147201456151267,-0.147201456151267,-0.147201456151267,-0.147201456151267,-0.147201456151267,0.00957247642159102
1.00777340530544,1.00777340530544,1.00777340530544,1.00777340530544,1.00777340530544,0.000797753618347132
-2.12365546241575,-2.12365546241575,-2.12365546241575,-2.12365546241575,-2.12365546241575,1.28225683444544e-07
-0.504586405514010,-0.504586405514010,-0.504586405514010,-0.504586405514010,-0.504586405514010,0.00534704467660834
-1.27059444980866,-1.27059444980866,-1.27059444980866,-1.27059444980866,-1.27059444980866,0.000178536355407029
-0.382584802707648,-0.382584802707648,-0.382584802707648,-0.382584802707648,-0.382584802707648,0.00700857770143222
0.648679262048621,0.648679262048621,0.648679262048621,0.648679262048621,0.648679262048621,0.00352930388022431
0.825727149241758,0.825727149241758,0.825727149241758,0.825727149241758,0.825727149241758,0.00183767153562982
-1.01494364268014,-1.01494364268014,-1.01494364268014,-1.01494364268014,-1.01494364268014,0.000769346457070978
-0.471069912683167,-0.471069912683167,-0.471069912683167,-0.471069912683167,-0.471069912683167,0.00580253828040250
0.137024874130050,0.137024874130050,0.137024874130050,0.137024874130050,0.137024874130050,0.00964194712967898
-0.291863375753573,-0.291863375753573,-0.291863375753573,-0.291863375753573,-0.291863375753573,0.00816700321222022
0.301818555261006,0.301818555261006,0.301818555261006,0.301818555261006,0.301818555261006,0.00804721856789878
0.399930942955802,0.399930942955802,0.399930942955802,0.399930942955802,0.399930942955802,0.00677473814019438
-0.929961558940129,-0.929961558940129,-0.929961558940129,-0.929961558940129,-0.929961558940129,0.00116298661005843
-0.176830265929232,-0.176830265929232,-0.176830265929232,-0.176830265929232,-0.176830265929232,0.00934545618431634
-2.13209459916153,-2.13209459916153,-2.13209459916153,-2.13209459916153,-2.13209459916153,1.17214398241666e-07
1.14536171051847,1.14536171051847,1.14536171051847,1.14536171051847,1.14536171051847,0.000380385142423508
-0.629090760994156,-0.629090760994156,-0.629090760994156,-0.629090760994156,-0.629090760994156,0.00375720244180521
-1.20384997400222,-1.20384997400222,-1.20384997400222,-1.20384997400222,-1.20384997400222,0.000269800013059508
-0.253944683422812,-0.253944683422812,-0.253944683422812,-0.253944683422812,-0.253944683422812,0.00860069365325438
-1.42864686463210,-1.42864686463210,-1.42864686463210,-1.42864686463210,-1.42864686463210,6.14508846633696e-05
-0.0208576177016003,-0.0208576177016003,-0.0208576177016003,-0.0208576177016003,-0.0208576177016003,0.0100943414302797
-0.560664996528185,-0.560664996528185,-0.560664996528185,-0.560664996528185,-0.560664996528185,0.00460526178981758
2.17777870918415,2.17777870918415,2.17777870918415,2.17777870918415,2.17777870918415,7.16485491888398e-08
1.13846538732960,1.13846538732960,1.13846538732960,1.13846538732960,1.13846538732960,0.000395661598458611
-2.49688650318450,-2.49688650318450,-2.49688650318450,-2.49688650318450,-2.49688650318450,1.72024658936739e-09
0.441326931727609,0.441326931727609,0.441326931727609,0.441326931727609,0.441326931727609,0.00620986378727470
-1.39813787581107,-1.39813787581107,-1.39813787581107,-1.39813787581107,-1.39813787581107,7.62367852672263e-05
-0.255055179880806,-0.255055179880806,-0.255055179880806,-0.255055179880806,-0.255055179880806,0.00858854854151258
0.164404073318729,0.164404073318729,0.164404073318729,0.164404073318729,0.164404073318729,0.00944505066024294
0.747734028808123,0.747734028808123,0.747734028808123,0.747734028808123,0.747734028808123,0.00249751732477837
-0.273046949402907,-0.273046949402907,-0.273046949402907,-0.273046949402907,-0.273046949402907,0.00838694241095377
1.57630014654608,1.57630014654608,1.57630014654608,1.57630014654608,1.57630014654608,2.02673762482032e-05
-0.480937151778845,-0.480937151778845,-0.480937151778845,-0.480937151778845,-0.480937151778845,0.00566785791197829
0.327512120829686,0.327512120829686,0.327512120829686,0.327512120829686,0.327512120829686,0.00772840219739918
0.664734120627595,0.664734120627595,0.664734120627595,0.664734120627595,0.664734120627595,0.00334806974798737
0.0851885927211602,0.0851885927211602,0.0851885927211602,0.0851885927211602,0.0851885927211602,0.00992364082026781
0.880952785381048,0.880952785381048,0.880952785381048,0.880952785381048,0.880952785381048,0.00145189280480027
0.323213137847598,0.323213137847598,0.323213137847598,0.323213137847598,0.323213137847598,0.00778264131927950
-0.784146183664088,-0.784146183664088,-0.784146183664088,-0.784146183664088,-0.784146183664088,0.00217243687113910
-1.80537335138609,-1.80537335138609,-1.80537335138609,-1.80537335138609,-1.80537335138609,2.92234257746262e-06
1.85859294855571,1.85859294855571,1.85859294855571,1.85859294855571,1.85859294855571,1.79480884079152e-06
-0.604530088774459,-0.604530088774459,-0.604530088774459,-0.604530088774459,-0.604530088774459,0.00405285285740551
0.103359722310648,0.103359722310648,0.103359722310648,0.103359722310648,0.103359722310648,0.00983900445298296
0.563166955145978,0.563166955145978,0.563166955145978,0.563166955145978,0.563166955145978,0.00457300283462924
0.113596996734002,0.113596996734002,0.113596996734002,0.113596996734002,0.113596996734002,0.00978452365766968
-0.904726212798032,-0.904726212798032,-0.904726212798032,-0.904726212798032,-0.904726212798032,0.00130569936963071
-0.467714582451856,-0.467714582451856,-0.467714582451856,-0.467714582451856,-0.467714582451856,0.00584841267234055
-0.124889947223107,-0.124889947223107,-0.124889947223107,-0.124889947223107,-0.124889947223107,0.00971886522896061
1.47895849150403,1.47895849150403,1.47895849150403,1.47895849150403,1.47895849150403,4.26284701298602e-05
-0.860815690006961,-0.860815690006961,-0.860815690006961,-0.860815690006961,-0.860815690006961,0.00158495098498814
0.784668467287822,0.784668467287822,0.784668467287822,0.784668467287822,0.784668467287822,0.00216799137244345
0.308623139948530,0.308623139948530,0.308623139948530,0.308623139948530,0.308623139948530,0.00796408458193275
-0.233860042129153,-0.233860042129153,-0.233860042129153,-0.233860042129153,-0.233860042129153,0.00881395547422908
-1.05697274596013,-1.05697274596013,-1.05697274596013,-1.05697274596013,-1.05697274596013,0.000618835463816571
-0.284140954626164,-0.284140954626164,-0.284140954626164,-0.284140954626164,-0.284140954626164,0.00825833016354746
-0.0866902824593051,-0.0866902824593051,-0.0866902824593051,-0.0866902824593051,-0.0866902824593051,0.00991723943965850
-1.46939507448636,-1.46939507448636,-1.46939507448636,-1.46939507448636,-1.46939507448636,4.57418292264877e-05
0.192182244870785,0.192182244870785,0.192182244870785,0.192182244870785,0.192182244870785,0.00921403232586564
-0.822293276290175,-0.822293276290175,-0.822293276290175,-0.822293276290175,-0.822293276290175,0.00186385520286319
-0.0942405879597235,-0.0942405879597235,-0.0942405879597235,-0.0942405879597235,-0.0942405879597235,0.00988342777037532
0.336213340954240,0.336213340954240,0.336213340954240,0.336213340954240,0.336213340954240,0.00761762077255033
-0.904654059246837,-0.904654059246837,-0.904654059246837,-0.904654059246837,-0.904654059246837,0.00130612559730049
-0.288256361205696,-0.288256361205696,-0.288256361205696,-0.288256361205696,-0.288256361205696,0.00820983879868878
0.350062757534178,0.350062757534178,0.350062757534178,0.350062757534178,0.350062757534178,0.00743874965373191
-1.83585914250431,-1.83585914250431,-1.83585914250431,-1.83585914250431,-1.83585914250431,2.21415516225319e-06
1.03597590824548,1.03597590824548,1.03597590824548,1.03597590824548,1.03597590824548,0.000690698003661184
2.42446114493936,2.42446114493936,2.42446114493936,2.42446114493936,2.42446114493936,4.19353294082245e-09
0.959400509407976,0.959400509407976,0.959400509407976,0.959400509407976,0.959400509407976,0.00101201082690226
-0.315771995009409,-0.315771995009409,-0.315771995009409,-0.315771995009409,-0.315771995009409,0.00787570520763522
0.428622679859396,0.428622679859396,0.428622679859396,0.428622679859396,0.428622679859396,0.00638383560509383
-1.03598477851339,-1.03598477851339,-1.03598477851339,-1.03598477851339,-1.03598477851339,0.000690666268808965
1.87786546049586,1.87786546049586,1.87786546049586,1.87786546049586,1.87786546049586,1.49910936130381e-06
0.940704403352132,0.940704403352132,0.940704403352132,0.940704403352132,0.940704403352132,0.00110600085564994
0.787345779935246,0.787345779935246,0.787345779935246,0.787345779935246,0.787345779935246,0.00214529950071119
-0.875874261956672,-0.875874261956672,-0.875874261956672,-0.875874261956672,-0.875874261956672,0.00148464146599465
0.319949134382331,0.319949134382331,0.319949134382331,0.319949134382331,0.319949134382331,0.00782359362218464
-0.558294284850904,-0.558294284850904,-0.558294284850904,-0.558294284850904,-0.558294284850904,0.00463590457466294
-0.311429418546895,-0.311429418546895,-0.311429418546895,-0.311429418546895,-0.311429418546895,0.00792951525765023
-0.570009916642186,-0.570009916642186,-0.570009916642186,-0.570009916642186,-0.570009916642186,0.00448520566336742
-1.02573361562871,-1.02573361562871,-1.02573361562871,-1.02573361562871,-1.02573361562871,0.000728140676416010
-0.908745586874325,-0.908745586874325,-0.908745586874325,-0.908745586874325,-0.908745586874325,0.00128212166795946
-0.209897334055591,-0.209897334055591,-0.209897334055591,-0.209897334055591,-0.209897334055591,0.00905140854424907
-1.69886408417261,-1.69886408417261,-1.69886408417261,-1.69886408417261,-1.69886408417261,7.42958461503907e-06
0.607600575846084,0.607600575846084,0.607600575846084,0.607600575846084,0.607600575846084,0.00401531766386335
-0.117798289267962,-0.117798289267962,-0.117798289267962,-0.117798289267962,-0.117798289267962,0.00976077224319043
0.699160333644167,0.699160333644167,0.699160333644167,0.699160333644167,0.699160333644167,0.00297724888930509
0.269648641716598,0.269648641716598,0.269648641716598,0.269648641716598,0.269648641716598,0.00842570066705743
0.494287055379411,0.494287055379411,0.494287055379411,0.494287055379411,0.494287055379411,0.00548635104750240
-1.48312102251590,-1.48312102251590,-1.48312102251590,-1.48312102251590,-1.48312102251590,4.13345194695611e-05
-1.02026438568297,-1.02026438568297,-1.02026438568297,-1.02026438568297,-1.02026438568297,0.000748798071876128
-0.446995010744528,-0.446995010744528,-0.446995010744528,-0.446995010744528,-0.446995010744528,0.00613218582003239
0.109658591327603,0.109658591327603,0.109658591327603,0.109658591327603,0.109658591327603,0.00980605543445379
1.12873645202828,1.12873645202828,1.12873645202828,1.12873645202828,1.12873645202828,0.000418092603138445
-0.289963040800028,-0.289963040800028,-0.289963040800028,-0.289963040800028,-0.289963040800028,0.00818960936694515
1.26155071814115,1.26155071814115,1.26155071814115,1.26155071814115,1.26155071814115,0.000189055827650189
0.475424811707271,0.475424811707271,0.475424811707271,0.475424811707271,0.475424811707271,0.00574305175677738
1.17411675149372,1.17411675149372,1.17411675149372,1.17411675149372,1.17411675149372,0.000321964897811896
0.126947068043646,0.126947068043646,0.126947068043646,0.126947068043646,0.126947068043646,0.00970628600862091
-0.656815928948083,-0.656815928948083,-0.656815928948083,-0.656815928948083,-0.656815928948083,0.00343681338899669
-1.48139907157878,-1.48139907157878,-1.48139907157878,-1.48139907157878,-1.48139907157878,4.18654066408368e-05
0.155488995903894,0.155488995903894,0.155488995903894,0.155488995903894,0.155488995903894,0.00951263146511353
0.818551368521001,0.818551368521001,0.818551368521001,0.818551368521001,0.818551368521001,0.00189268556751161
-0.292588130834394,-0.292588130834394,-0.292588130834394,-0.292588130834394,-0.292588130834394,0.00815835925604955
-0.540786416488526,-0.540786416488526,-0.540786416488526,-0.540786416488526,-0.540786416488526,0.00486437258523245
-0.308641815280113,-0.308641815280113,-0.308641815280113,-0.308641815280113,-0.308641815280113,0.00796385506773461
-1.09659330152547,-1.09659330152547,-1.09659330152547,-1.09659330152547,-1.09659330152547,0.000499958812267714
-0.493009815316451,-0.493009815316451,-0.493009815316451,-0.493009815316451,-0.493009815316451,0.00550367426823332
-0.180739356415037,-0.180739356415037,-0.180739356415037,-0.180739356415037,-0.180739356415037,0.00931285613412888
0.0458411057137050,0.0458411057137050,0.0458411057137050,0.0458411057137050,0.0458411057137050,0.0100523767142506
-0.0637831200223327,-0.0637831200223327,-0.0637831200223327,-0.0637831200223327,-0.0637831200223327,0.0100030685103442
0.611335194065236,0.611335194065236,0.611335194065236,0.611335194065236,0.611335194065236,0.00396987978824587
0.109317693774870,0.109317693774870,0.109317693774870,0.109317693774870,0.109317693774870,0.00980788562304951
1.81401545028038,1.81401545028038,1.81401545028038,1.81401545028038,1.81401545028038,2.70252834064426e-06
0.312023828329274,0.312023828329274,0.312023828329274,0.312023828329274,0.312023828329274,0.00792217222730801
1.80449377172419,1.80449377172419,1.80449377172419,1.80449377172419,1.80449377172419,2.94563219548315e-06
-0.723121479570418,-0.723121479570418,-0.723121479570418,-0.723121479570418,-0.723121479570418,0.00273409620873791
0.526547037749559,0.526547037749559,0.526547037749559,0.526547037749559,0.526547037749559,0.00505275255681818
-0.260250861706117,-0.260250861706117,-0.260250861706117,-0.260250861706117,-0.260250861706117,0.00853125377957152
0.600142508808630,0.600142508808630,0.600142508808630,0.600142508808630,0.600142508808630,0.00410676262549050
0.593930795648753,0.593930795648753,0.593930795648753,0.593930795648753,0.593930795648753,0.00418362517702615
-2.18602161274824,-2.18602161274824,-2.18602161274824,-2.18602161274824,-2.18602161274824,6.54866917374850e-08
-1.32704314952029,-1.32704314952029,-1.32704314952029,-1.32704314952029,-1.32704314952029,0.000123743279167832
-1.44101359763891,-1.44101359763891,-1.44101359763891,-1.44101359763891,-1.44101359763891,5.62337674342133e-05
0.401844497039815,0.401844497039815,0.401844497039815,0.401844497039815,0.401844497039815,0.00674880271405409
1.47020128084852,1.47020128084852,1.47020128084852,1.47020128084852,1.47020128084852,4.54716191510704e-05
-0.326814228785906,-0.326814228785906,-0.326814228785906,-0.326814228785906,-0.326814228785906,0.00773723015634242
0.812323004640796,0.812323004640796,0.812323004640796,0.812323004640796,0.812323004640796,0.00194136426107920
0.545540103526116,0.545540103526116,0.545540103526116,0.545540103526116,0.545540103526116,0.00480197648836830
-1.05163230952085,-1.05163230952085,-1.05163230952085,-1.05163230952085,-1.05163230952085,0.000636504575097649
0.397466995795309,0.397466995795309,0.397466995795309,0.397466995795309,0.397466995795309,0.00680809660498903
-0.751894738681892,-0.751894738681892,-0.751894738681892,-0.751894738681892,-0.751894738681892,0.00245886132757482
1.51626689664595,1.51626689664595,1.51626689664595,1.51626689664595,1.51626689664595,3.22382822870062e-05
-0.0325665091944807,-0.0325665091944807,-0.0325665091944807,-0.0325665091944807,-0.0325665091944807,0.0100785677994043
1.63599965727829,1.63599965727829,1.63599965727829,1.63599965727829,1.63599965727829,1.25482434972531e-05
-0.425058490610031,-0.425058490610031,-0.425058490610031,-0.425058490610031,-0.425058490610031,0.00643258070706282
0.589433366718221,0.589433366718221,0.589433366718221,0.589433366718221,0.589433366718221,0.00423966127659360
-0.0627912257183250,-0.0627912257183250,-0.0627912257183250,-0.0627912257183250,-0.0627912257183250,0.0100062086755523
-2.02195893005179,-2.02195893005179,-2.02195893005179,-2.02195893005179,-2.02195893005179,3.67887941087509e-07
-0.982131525779048,-0.982131525779048,-0.982131525779048,-0.982131525779048,-0.982131525779048,0.000906292459667456
0.612511298166949,0.612511298166949,0.612511298166949,0.612511298166949,0.612511298166949,0.00395562013638776
-0.0548861299886774,-0.0548861299886774,-0.0548861299886774,-0.0548861299886774,-0.0548861299886774,0.0100295064641485
-1.11873200245273,-1.11873200245273,-1.11873200245273,-1.11873200245273,-1.11873200245273,0.000442267392097998
-0.626378538867139,-0.626378538867139,-0.626378538867139,-0.626378538867139,-0.626378538867139,0.00378932320047536
0.249517740562795,0.249517740562795,0.249517740562795,0.249517740562795,0.249517740562795,0.00864875046693725
-0.993019006549601,-0.993019006549601,-0.993019006549601,-0.993019006549601,-0.993019006549601,0.000858855787325247
0.974950224811312,0.974950224811312,0.974950224811312,0.974950224811312,0.974950224811312,0.000938701971693451
-0.640709506726058,-0.640709506726058,-0.640709506726058,-0.640709506726058,-0.640709506726058,0.00362114738549328
1.80886262051925,1.80886262051925,1.80886262051925,1.80886262051925,1.80886262051925,2.83164536045338e-06
-1.07986625073883,-1.07986625073883,-1.07986625073883,-1.07986625073883,-1.07986625073883,0.000547597261905421
0.199189444075264,0.199189444075264,0.199189444075264,0.199189444075264,0.199189444075264,0.00915107653423270
-1.52102656176895,-1.52102656176895,-1.52102656176895,-1.52102656176895,-1.52102656176895,3.10939537755896e-05
-0.723631125289073,-0.723631125289073,-0.723631125289073,-0.723631125289073,-0.723631125289073,0.00272906101433981
-0.593250315010804,-0.593250315010804,-0.593250315010804,-0.593250315010804,-0.593250315010804,0.00419208310843526
0.401336339818801,0.401336339818801,0.401336339818801,0.401336339818801,0.401336339818801,0.00675569240541271
0.942133319236942,0.942133319236942,0.942133319236942,0.942133319236942,0.942133319236942,0.00109858680917948
0.300485967595730,0.300485967595730,0.300485967595730,0.300485967595730,0.300485967595730,0.00806338199731026
-0.373070658631004,-0.373070658631004,-0.373070658631004,-0.373070658631004,-0.373070658631004,0.00713568550095095
0.815488508092498,0.815488508092498,0.815488508092498,0.815488508092498,0.815488508092498,0.00191651579210743
0.798886992156716,0.798886992156716,0.798886992156716,0.798886992156716,0.798886992156716,0.00204932720656851
0.120205281956355,0.120205281956355,0.120205281956355,0.120205281956355,0.120205281956355,0.00974680304512300
0.571247629714476,0.571247629714476,0.571247629714476,0.571247629714476,0.571247629714476,0.00446939466083385
0.412796010311392,0.412796010311392,0.412796010311392,0.412796010311392,0.412796010311392,0.00659994455101858
-0.986961883351522,-0.986961883351522,-0.986961883351522,-0.986961883351522,-0.986961883351522,0.000884996326338131
0.759568325914783,0.759568325914783,0.759568325914783,0.759568325914783,0.759568325914783,0.00238858826811923
-0.657201299098350,-0.657201299098350,-0.657201299098350,-0.657201299098350,-0.657201299098350,0.00343246528200806
-0.603918481376169,-0.603918481376169,-0.603918481376169,-0.603918481376169,-0.603918481376169,0.00406034839938978
0.176946822329411,0.176946822329411,0.176946822329411,0.176946822329411,0.176946822329411,0.00934449283463420
-0.307503469862751,-0.307503469862751,-0.307503469862751,-0.307503469862751,-0.307503469862751,0.00797783166223816
-0.131820352915894,-0.131820352915894,-0.131820352915894,-0.131820352915894,-0.131820352915894,0.00967573397755548
0.595357673884102,0.595357673884102,0.595357673884102,0.595357673884102,0.595357673884102,0.00416591405834062
1.04683278430523,1.04683278430523,1.04683278430523,1.04683278430523,1.04683278430523,0.000652734653127812
-0.197958632611842,-0.197958632611842,-0.197958632611842,-0.197958632611842,-0.197958632611842,0.00916226631508631
0.327678163907201,0.327678163907201,0.327678163907201,0.327678163907201,0.327678163907201,0.00772630055466825
-0.238301504589733,-0.238301504589733,-0.238301504589733,-0.238301504589733,-0.238301504589733,0.00876786729757664
0.229596893220314,0.229596893220314,0.229596893220314,0.229596893220314,0.229596893220314,0.00885759939729898
0.439997904822629,0.439997904822629,0.439997904822629,0.439997904822629,0.439997904822629,0.00622807453943114
-0.616865928889227,-0.616865928889227,-0.616865928889227,-0.616865928889227,-0.616865928889227,0.00390303196257602
0.274836786911666,0.274836786911666,0.274836786911666,0.274836786911666,0.274836786911666,0.00836640652501834
0.601102032468295,0.601102032468295,0.601102032468295,0.601102032468295,0.601102032468295,0.00409494579099432
0.0923079512389623,0.0923079512389623,0.0923079512389623,0.0923079512389623,0.0923079512389623,0.00989233998047634
1.72984139157236,1.72984139157236,1.72984139157236,1.72984139157236,1.72984139157236,5.69700040705134e-06
-0.608557444738319,-0.608557444738319,-0.608557444738319,-0.608557444738319,-0.608557444738319,0.00400365303896301
-0.737059771697806,-0.737059771697806,-0.737059771697806,-0.737059771697806,-0.737059771697806,0.00259846229566011
-1.74987930638763,-1.74987930638763,-1.74987930638763,-1.74987930638763,-1.74987930638763,4.78565989569190e-06
0.910482579647112,0.910482579647112,0.910482579647112,0.910482579647112,0.910482579647112,0.00127203285419830
0.867082552947325,0.867082552947325,0.867082552947325,0.867082552947325,0.867082552947325,0.00154261993727262