SampleLogFunc,mean,logStd
-14934.452,.0000000,.0000000
-14934.452,.0000000,.0000000
-14934.452,.0000000,.0000000
-14934.452,.0000000,.0000000
-14934.452,.0000000,.0000000
-14934.452,.0000000,.0000000
-14934.452,.0000000,.0000000
-14937.602,-.47802534E-01,-.10497658E-01
-14935.785,-.40338463E-01,-.32557948E-01
-14936.324,.86486245E-02,-.84092109E-02
-14937.580,-.56586425E-02,-.22035058E-01
-14934.416,-.25731580E-01,-.80775165E-02
-14934.097,-.14674219E-01,-.51105105E-02
-14934.047,-.17077286E-01,-.14006012E-01
-14934.013,-.25638651E-01,-.17112589E-01
-14934.749,-.29564524E-01,-.84896477E-02
-14934.354,-.21813799E-01,-.19104038E-01
-14935.202,-.43887717E-01,-.29842206E-01
-14936.667,-.16528107E-03,-.16019714E-01
-14935.163,-.58588660E-02,-.14216433E-01
-14935.077,.77023624E-02,.59718712E-02
-14934.802,.36500911E-02,-.38983586E-02
-14934.208,-.57954029E-02,-.69417445E-02
-14936.407,.23935896E-01,.99678512E-02
-14935.874,.17223507E-01,.10576803E-01
-14934.239,-.64595016E-02,-.81926420E-02
-14934.727,-.37795672E-01,-.26209007E-01
-14934.727,-.37795672E-01,-.26209007E-01
-14934.894,-.40644381E-01,-.27596073E-01
-14934.102,-.15803368E-01,-.13874373E-01
-14935.714,-.26014386E-01,-.27368463E-01
-14935.714,-.26014386E-01,-.27368463E-01
-14933.941,-.19061721E-01,-.13507136E-01
-14934.023,-.14243492E-01,-.11852476E-01
-14934.585,-.16129929E-01,-.17656356E-01
-14934.664,-.27935346E-01,-.79054967E-02
-14934.149,-.24388881E-01,-.18492403E-01
-14934.149,-.24388881E-01,-.18492403E-01
-14934.149,-.24388881E-01,-.18492403E-01
-14934.353,-.65537135E-02,-.51007181E-03
-14934.099,-.12473464E-01,-.44299409E-02
-14935.695,-.71244725E-02,-.17249685E-01
-14934.499,-.38587804E-01,-.18619379E-01
-14934.390,-.37784638E-01,-.21080865E-01
-14935.393,-.48210852E-01,-.21119416E-01
-14937.304,-.65997351E-01,-.34628986E-01
-14934.621,-.19371429E-01,-.19573289E-01
-14934.463,-.36433862E-01,-.16321900E-01
-14934.846,-.44611530E-01,-.23695313E-01
-14934.882,-.45941595E-02,.37580096E-02
-14935.379,-.81533257E-02,-.16661780E-01
-14934.525,-.38194339E-01,-.17640546E-01
-14934.071,-.16642826E-01,-.61317368E-02
-14934.170,-.28962329E-01,-.12542744E-01
-14935.502,-.16395592E-01,.20880546E-02
-14938.607,.19667099E-01,-.72705545E-02
-14935.278,-.14464935E-01,-.20014479E-01
-14935.337,.14208615E-02,-.97294954E-02
-14934.304,-.31003280E-01,-.21745883E-01
-14934.470,-.19438476E-01,-.42113800E-02
-14934.137,-.29485962E-01,-.13440553E-01
-14933.988,-.27099596E-01,-.16538878E-01
-14934.040,-.11904269E-01,-.10260530E-01
-14934.040,-.11904269E-01,-.10260530E-01
-14935.134,-.28141365E-02,-.11927986E-01
-14934.516,-.36250052E-01,-.15512516E-01
-14935.677,-.18357732E-01,-.23599467E-01
-14934.219,-.32656777E-01,-.20704233E-01
-14934.160,-.27975202E-01,-.11849781E-01
-14934.354,-.30192294E-01,-.11654530E-01
-14934.048,-.23361471E-01,-.17002148E-01
-14934.239,-.17310900E-01,-.48317150E-02
-14934.707,.16866480E-02,-.51326351E-02
-14934.034,-.92776608E-02,-.63116434E-02
-14934.865,-.38216274E-01,-.14436463E-01
-14935.215,-.39439165E-01,-.13305081E-01
-14933.952,-.23406157E-01,-.11489425E-01
-14934.313,-.33994894E-01,-.21976775E-01
-14934.528,-.66250024E-02,-.11129066E-01
-14935.647,-.52458800E-01,-.30808606E-01
-14935.382,.76756238E-03,.76933666E-02
-14938.021,.36621550E-01,.17718108E-01
-14934.230,-.94128633E-02,-.22411864E-02
-14934.230,-.94128633E-02,-.22411864E-02
-14936.277,-.16514179E-01,.46730986E-02
-14934.138,-.64385606E-02,-.39817780E-02
-14933.960,-.24350111E-01,-.15817637E-01
-14933.960,-.24350111E-01,-.15817637E-01
-14934.277,-.72445533E-02,-.13890098E-02
-14935.236,.88087293E-02,.73091877E-02
-14934.188,-.48520930E-02,-.42685298E-02
-14936.867,-.43241712E-01,-.37271477E-01
-14936.089,-.29178959E-01,-.26162096E-02
-14933.976,-.21750949E-01,-.15365587E-01
-14935.932,-.32655522E-01,-.52979530E-02
-14934.358,-.27565646E-01,-.97024527E-02
-14936.382,-.13244307E-01,.64823719E-02
-14936.679,-.61496615E-01,-.34117809E-01
-14935.027,-.46825698E-01,-.25525849E-01
-14935.448,.13764616E-01,.72810885E-02
-14936.339,.21844729E-01,.12826459E-01
-14934.059,-.23482493E-01,-.17172433E-01
-14934.787,.60460473E-02,.14398669E-02
-14936.059,-.40769890E-02,-.16602346E-01
-14934.050,-.20697095E-01,-.15935244E-01
-14934.149,-.18828172E-01,-.16039125E-01
-14935.791,-.54473449E-01,-.30063306E-01
-14934.888,-.71737427E-02,-.13748508E-01
-14934.846,-.38547915E-01,-.27175099E-01
-14933.941,-.24819094E-01,-.15270669E-01
-14933.941,-.24819094E-01,-.15270669E-01
-14934.847,-.21668357E-02,.40923019E-02
-14933.911,-.23244976E-01,-.12791330E-01
-14935.263,-.27847111E-01,-.26399679E-01
-14934.433,-.21598113E-01,-.19536940E-01
-14935.022,.89704821E-02,.41030736E-02
-14934.566,-.32209928E-02,.18630135E-02
-14935.477,-.51587144E-01,-.28326672E-01
-14937.083,-.16558894E-01,-.26903063E-01
-14936.547,.24627933E-01,.80924188E-02
-14936.574,-.59005969E-01,-.26445449E-01
-14934.545,-.23261535E-01,-.20976044E-01
-14934.897,-.98341290E-02,-.15549567E-01
-14935.176,-.34108355E-01,-.93964848E-02
-14935.765,-.46030384E-01,-.16168012E-01
-14934.135,-.64093527E-02,-.42008142E-02
-14934.200,-.13593766E-01,-.36890709E-02
-14937.271,.61710130E-02,.16186530E-01
-14936.710,-.41252613E-01,-.84606969E-02
-14934.792,-.32341392E-01,-.10172859E-01
-14935.267,-.49338104E-01,-.25201571E-01
-14936.332,-.29512718E-01,-.20255255E-02
-14934.236,-.27192080E-01,-.10477998E-01
-14935.108,-.18113713E-01,-.21275106E-01
-14935.615,-.94640710E-02,.54626996E-02
-14935.510,-.50939810E-01,-.24137913E-01
-14934.392,-.37621124E-01,-.19499617E-01
-14934.677,-.13461279E-01,-.33322312E-03
-14934.035,-.12702190E-01,-.10858453E-01
-14935.049,-.23003993E-01,-.23409847E-01
-14934.749,-.11649680E-01,-.15923935E-01
-14934.630,-.40337682E-01,-.24782857E-01
-14934.120,-.31922719E-01,-.18370411E-01
-14934.294,-.35929096E-01,-.19148652E-01
-14934.780,.84163028E-03,.39605900E-02
-14933.942,-.13225552E-01,-.83484222E-02
-14934.316,-.15040488E-01,-.32684898E-02
-14934.403,-.69725390E-03,-.69440172E-03
-14934.476,.27057439E-03,.35354641E-03
-14934.861,-.42424998E-01,-.18922719E-01
-14934.026,-.20552332E-01,-.15572033E-01
-14933.925,-.22653402E-01,-.11618729E-01
-14934.252,-.14962514E-01,-.37394467E-02
-14934.812,-.21294310E-02,.38712224E-02
-14937.174,-.31181781E-02,.12867863E-01
-14934.658,-.37414765E-01,-.15323943E-01
-14934.030,-.11467756E-01,-.96779610E-02
-14934.520,-.13789675E-01,-.13808441E-02
-14934.159,-.18309099E-01,-.15853720E-01
-14934.127,-.32086936E-01,-.18500767E-01
-14934.455,-.42198937E-02,-.85325746E-02
-14934.627,-.99811089E-02,.66551173E-03
-14934.654,-.35517823E-01,-.13599959E-01
-14934.514,-.25889759E-01,-.21864432E-01
-14936.193,.21941689E-01,.85315609E-02
-14934.646,.38406864E-02,-.54866816E-03
-14934.965,-.67716109E-02,-.13870291E-01
-14934.874,.16987874E-02,.47534221E-02
-14934.548,.22242510E-02,-.14461206E-02
-14934.242,-.30795354E-01,-.21049263E-01
-14934.622,-.26535856E-01,-.72671064E-02
-14934.663,-.36842679E-01,-.25629908E-01
-14935.138,.90253107E-02,-.77300263E-03
-14935.138,.90253107E-02,-.77300263E-03
-14934.043,-.17273216E-01,-.14072831E-01
-14935.577,-.52610639E-01,-.28343524E-01
-14934.289,-.34880187E-01,-.21316686E-01
-14935.185,.88834150E-02,-.15077403E-02
-14934.082,-.30966317E-01,-.17133245E-01
-14935.160,-.40644405E-01,-.14675130E-01
-14934.664,-.12525880E-01,-.35385114E-04
-14934.002,-.24184450E-01,-.16597631E-01
-14934.338,-.11964612E-01,-.19736617E-02
-14934.334,-.31053502E-01,-.12524124E-01
-14933.963,-.25836993E-01,-.15928110E-01
-14933.989,-.27227522E-01,-.16518151E-01
-14935.341,-.19233946E-01,-.22801480E-01
-14934.305,-.28874693E-01,-.21314105E-01
-14934.631,-.19743920E-01,-.19815710E-01
-14935.374,.12812436E-02,-.10028235E-01
-14934.047,-.14944385E-01,-.57973685E-02
-14936.103,.18657868E-01,.27564600E-02
-14933.971,-.12615279E-01,-.93421079E-02
-14935.771,-.35305662E-01,-.31106733E-01
-14934.440,-.38561062E-01,-.21895587E-01
-14934.170,-.32073128E-01,-.15704310E-01
-14935.394,-.22596458E-01,-.14060950E-02
-14934.242,-.65630002E-02,-.83398284E-02
-14934.784,-.33337551E-02,.34528663E-02
-14935.374,.81207269E-02,-.39923869E-02
-14935.411,-.13715603E-01,-.20117459E-01
-14933.961,-.23315734E-01,-.11219672E-01
-14934.712,-.13586558E-02,.32596808E-02
-14934.669,-.33557674E-01,-.25192461E-01
-14934.911,-.44913094E-01,-.26209429E-01
-14934.066,-.28224299E-01,-.18343718E-01
-14934.550,-.18728855E-02,-.72486728E-02
-14934.295,-.14401896E-01,-.14748698E-01
-14934.451,-.37715779E-01,-.18163944E-01
-14935.615,-.49397070E-01,-.20725175E-01
-14934.355,-.23410123E-02,-.51974512E-02
-14934.913,-.10159053E-01,-.15835307E-01
-14934.343,-.35556645E-01,-.16998905E-01
-14935.022,-.18382630E-01,-.21043220E-01
-14935.277,.86905912E-02,-.26214607E-02
-14934.795,-.15944052E-01,-.18674730E-01
-14935.725,-.24523978E-01,-.12138156E-02
-14936.255,-.58389979E-01,-.29919321E-01
-14934.501,-.23335205E-01,-.20740626E-01
-14934.222,-.13950083E-01,-.13862844E-01
-14934.390,-.10599665E-01,-.12991092E-01
-14933.989,-.13420582E-01,-.10612542E-01
-14935.608,-.52631884E-01,-.26458782E-01
-14934.580,.28694799E-02,-.35683187E-03
-14934.050,-.25353016E-01,-.11234713E-01
-14934.156,-.28498293E-01,-.19697843E-01
-14934.519,-.38224634E-01,-.23980799E-01
-14934.163,-.23587549E-01,-.87757890E-02
-14934.033,-.10783043E-01,-.90357695E-02
-14936.020,-.47621698E-01,-.34759748E-01
-14938.354,-.44419552E-01,-.59319670E-02
-14936.483,-.56173042E-01,-.36690732E-01
-14934.169,-.70539154E-02,-.76983978E-02
-14933.921,-.14962634E-01,-.85433955E-02
-14933.942,-.13278724E-01,-.85472517E-02
-14934.586,-.39602852E-01,-.24446829E-01
-14935.715,-.32391249E-01,-.29906178E-01
-14934.121,-.70899374E-02,-.40695268E-02
-14934.410,-.27559739E-01,-.21761267E-01
-14934.289,-.48754860E-02,-.11882871E-02
-14935.950,.17525904E-01,.25971650E-02
-14935.336,-.18819437E-02,-.12228227E-01
-14936.209,-.49863480E-01,-.35804762E-01
-14934.116,-.10529468E-01,-.38174740E-02
-14935.133,-.48044300E-01,-.26137511E-01
-14936.125,-.51500782E-01,-.35300918E-01
-14935.348,-.51867992E-02,-.14595883E-01
-14935.609,-.16083847E-01,.26287168E-02
-14934.656,-.42023096E-01,-.22324896E-01
-14933.940,-.15538353E-01,-.78491852E-02
-14933.940,-.15538353E-01,-.78491852E-02
-14934.393,-.90034466E-02,-.11876401E-01
-14934.206,-.12364469E-01,-.12666692E-01
-14934.848,-.38734048E-02,-.11145812E-01
-14933.933,-.21980349E-01,-.14589087E-01
-14934.569,-.22881115E-01,-.54287421E-02
-14934.827,.50415378E-02,.38236887E-02
-14934.927,-.38948912E-01,-.27786631E-01
-14935.006,-.19288280E-01,-.13305357E-02
-14933.961,-.15473974E-01,-.11651520E-01
-14934.847,-.22843342E-01,-.39237104E-02
-14934.163,-.22188713E-01,-.17757507E-01
-14933.898,-.20878129E-01,-.13118412E-01
-14933.898,-.20878129E-01,-.13118412E-01
-14933.898,-.20878129E-01,-.13118412E-01
-14934.901,-.35602811E-01,-.27105713E-01
-14934.901,-.35602811E-01,-.27105713E-01
-14935.056,-.14602966E-01,.10672615E-02
-14934.455,-.37190269E-01,-.23367817E-01
-14934.455,-.37190269E-01,-.23367817E-01
-14940.041,.26587871E-01,.28607949E-01
-14937.177,-.45107030E-01,-.97757232E-02
-14934.632,-.37099278E-01,-.25367210E-01
-14934.632,-.37099278E-01,-.25367210E-01
-14934.632,-.37099278E-01,-.25367210E-01
-14934.632,-.37099278E-01,-.25367210E-01
-14934.632,-.37099278E-01,-.25367210E-01
-14934.632,-.37099278E-01,-.25367210E-01
-14934.230,-.34396529E-01,-.20039454E-01
-14934.361,-.84077351E-02,-.11168429E-01
-14934.082,-.10666115E-01,-.98633347E-02
-14934.082,-.10666115E-01,-.98633347E-02
-14935.727,-.53590421E-01,-.26518759E-01
-14935.128,.27698101E-02,-.74254842E-02
-14935.604,-.46392748E-02,.71582544E-02
-14935.604,-.46392748E-02,.71582544E-02
-14935.185,-.37331247E-01,-.11756715E-01
-14934.607,-.36103301E-01,-.25106671E-01
-14934.851,-.23599713E-02,-.99901058E-02
-14935.785,.17394155E-01,.45736130E-02
-14935.785,.17394155E-01,.45736130E-02
-14934.421,-.38022725E-01,-.22112409E-01
-14934.421,-.38022725E-01,-.22112409E-01
-14934.657,-.40593117E-01,-.19051818E-01
-14934.657,-.40593117E-01,-.19051818E-01
-14934.115,-.17995779E-01,-.62469632E-02
-14933.926,-.21283112E-01,-.10640192E-01
-14935.504,-.36597388E-01,-.30400021E-01
-14934.460,-.73453547E-02,-.11162880E-01
-14934.299,-.24933151E-01,-.84447490E-02
-14934.299,-.24933151E-01,-.84447490E-02
-14934.476,-.59433492E-02,.69801749E-03
-14934.362,-.68720843E-02,-.46531074E-03
-14934.538,-.89460728E-02,.42046350E-03
-14933.923,-.23928600E-01,-.12878028E-01
-14935.065,.82148793E-02,-.10196892E-02
-14933.934,-.14513850E-01,-.10059831E-01
-14933.934,-.14513850E-01,-.10059831E-01
-14933.934,-.14513850E-01,-.10059831E-01
-14935.513,.14725120E-01,.73023936E-02
-14934.691,-.45379476E-02,-.10661468E-01
-14934.710,-.30372846E-01,-.92636011E-02
-14934.112,-.31276319E-01,-.18743926E-01
-14934.112,-.31276319E-01,-.18743926E-01
-14934.112,-.31276319E-01,-.18743926E-01
-14936.060,.10650076E-01,.12614713E-01
-14933.977,-.11772720E-01,-.84082295E-02
-14934.259,-.19532111E-01,-.17319799E-01
-14935.862,-.48890206E-01,-.18460404E-01
-14935.403,-.42545534E-01,-.14951129E-01
-14934.001,-.28080153E-01,-.15042391E-01
-14934.001,-.28080153E-01,-.15042391E-01
-14934.568,-.31696757E-01,-.24067756E-01
-14934.163,-.26656789E-01,-.10821921E-01
-14934.163,-.26656789E-01,-.10821921E-01
-14933.989,-.18524132E-01,-.80088247E-02
-14934.207,-.28788965E-01,-.20334274E-01
-14934.609,.30547068E-02,-.15187850E-02
-14934.124,-.15321547E-01,-.13798999E-01
-14934.830,-.42478911E-01,-.19370918E-01
-14934.739,-.95530736E-02,-.14531670E-01
-14934.019,-.10295049E-01,-.79717435E-02
-14934.348,-.36141581E-01,-.21897273E-01
-14934.997,.75359941E-02,.50128138E-02
-14935.140,.25411911E-02,-.77021727E-02
-14935.140,.25411911E-02,-.77021727E-02
-14934.062,-.19982513E-01,-.15733818E-01
-14934.062,-.19982513E-01,-.15733818E-01
-14933.898,-.16874099E-01,-.10669357E-01
-14934.366,-.35209124E-01,-.22543597E-01
-14933.887,-.19812000E-01,-.11433384E-01
-14934.520,-.16615511E-01,-.25756682E-02
-14934.636,-.15527034E-03,.26437046E-02
-14935.114,.44130917E-02,-.58217227E-02
-14935.261,-.39313551E-01,-.12948303E-01
-14933.951,-.15741807E-01,-.11643112E-01
-14934.069,-.18804833E-01,-.71145403E-02
-14934.069,-.18804833E-01,-.71145403E-02
-14934.069,-.18804833E-01,-.71145403E-02
-14934.366,-.32641074E-01,-.22579027E-01
-14934.372,-.15610840E-01,-.16025788E-01
-14934.372,-.15610840E-01,-.16025788E-01
-14934.041,-.15595633E-01,-.13022189E-01
-14938.425,-.68660697E-01,-.44128773E-01
-14938.425,-.68660697E-01,-.44128773E-01
-14936.116,-.55405727E-01,-.24848058E-01
-14936.116,-.55405727E-01,-.24848058E-01
-14938.761,-.19833663E-02,.17268805E-01
-14934.356,-.92398256E-02,-.11753014E-01
-14934.284,-.12199133E-01,-.24848507E-02
-14934.284,-.12199133E-01,-.24848507E-02
-14935.116,-.43990283E-01,-.18347670E-01
-14935.128,-.34296431E-01,-.97650968E-02
-14935.128,-.34296431E-01,-.97650968E-02
-14937.072,-.43785273E-01,-.91279294E-02
-14936.020,-.49206790E-01,-.17888952E-01
-14934.151,-.23334599E-01,-.18116915E-01
-14935.992,.17081539E-01,.15902131E-02
-14933.958,-.15423178E-01,-.11557783E-01
-14934.470,-.39034817E-01,-.20324857E-01
-14935.308,.88933382E-02,-.26498688E-02
-14935.308,.88933382E-02,-.26498688E-02
-14935.733,-.53123383E-02,.74366545E-02
-14935.733,-.53123383E-02,.74366545E-02
-14934.533,-.13750838E-02,-.65677086E-02
-14937.425,-.99973604E-02,.10813176E-01
-14934.007,-.22268927E-01,-.16048325E-01
-14934.519,-.96954617E-02,.67800231E-04
-14934.902,-.23764716E-01,-.23077148E-01
-14937.530,.31061263E-01,.87403436E-02
-14939.385,.85852491E-02,.22400908E-01
-14935.227,-.39043947E-01,-.12910297E-01
-14935.227,-.39043947E-01,-.12910297E-01
-14934.148,-.72341100E-02,-.32880116E-02
-14936.151,.40380372E-02,-.11295151E-01
-14935.247,-.21490282E-01,-.14132281E-02
-14935.661,-.31708696E-01,-.29456964E-01
-14935.099,-.30085910E-01,-.70355226E-02
-14938.050,.79764415E-02,-.14415927E-01
-14934.240,-.32555337E-01,-.15025911E-01
-14934.914,-.40718941E-02,.40737036E-02
-14934.185,-.63878352E-02,-.72197345E-02
-14934.261,-.23178183E-01,-.19012050E-01
-14933.922,-.16238165E-01,-.11236491E-01
-14937.968,.13799850E-01,-.99672155E-02
-14934.941,-.28993999E-01,-.70950564E-02
-14933.965,-.13145050E-01,-.97381688E-02
-14938.801,.41985565E-01,.20444242E-01
-14937.399,-.61359787E-01,-.40843212E-01
-14938.454,-.39889222E-01,-.40571054E-01
-14936.749,.26177797E-01,.13957335E-01
-14935.992,.11875748E-01,-.40899748E-02
-14935.842,.29997666E-02,-.10839327E-01
-14934.533,-.26720457E-01,-.22293105E-01
-14934.533,-.26720457E-01,-.22293105E-01
-14936.725,.16145230E-01,.16207359E-01
-14934.071,-.93156888E-02,-.82715435E-02
-14934.071,-.93156888E-02,-.82715435E-02
-14934.071,-.93156888E-02,-.82715435E-02
-14934.160,-.56438214E-02,-.40516799E-02
-14934.250,-.72770098E-02,-.17091991E-02
-14934.250,-.72770098E-02,-.17091991E-02
-14934.250,-.72770098E-02,-.17091991E-02
-14934.250,-.72770098E-02,-.17091991E-02
-14936.136,.19831579E-01,.42141662E-02
-14934.111,-.74214830E-02,-.41816406E-02
-14934.111,-.74214830E-02,-.41816406E-02
-14935.119,-.38068810E-01,-.28853498E-01
-14934.479,.98892577E-03,-.21704322E-02
-14934.479,.98892577E-03,-.21704322E-02
-14934.115,-.10919965E-01,-.38947337E-02
-14934.023,-.10177566E-01,-.57806749E-02
-14934.144,-.23772491E-01,-.18217637E-01
-14934.144,-.23772491E-01,-.18217637E-01
-14934.150,-.20608250E-01,-.72040082E-02
-14934.883,-.45019137E-01,-.23490441E-01
-14934.883,-.45019137E-01,-.23490441E-01
-14939.992,.76090888E-02,.23409775E-01
-14941.264,.45291261E-01,.33804287E-01
-14934.169,-.31266480E-01,-.20050715E-01
-14935.781,.70283462E-02,.10804471E-01
-14934.620,-.37581443E-01,-.15838495E-01
-14935.446,.63786129E-02,-.61283465E-02
-14934.045,-.23639726E-01,-.10102876E-01
-14934.337,-.16199613E-02,-.32099883E-02
-14934.337,-.16199613E-02,-.32099883E-02
-14933.898,-.22255117E-01,-.12941827E-01
-14934.860,-.44807866E-01,-.24063543E-01
-14934.860,-.44807866E-01,-.24063543E-01
-14934.138,-.32139780E-01,-.18950831E-01
-14934.985,-.36344070E-01,-.12085011E-01
-14935.951,-.55925686E-01,-.28990403E-01
-14934.468,-.28647445E-01,-.96303915E-02
-14934.511,-.25355417E-01,-.72206557E-02
-14935.314,-.46189852E-01,-.30453855E-01
-14934.029,-.24017895E-01,-.16961034E-01
-14934.029,-.24017895E-01,-.16961034E-01
-14935.353,-.18177096E-01,.67137500E-03
-14935.453,.13645929E-01,.75076802E-02
-14934.972,-.28216328E-01,-.64559002E-02
-14934.972,-.28216328E-01,-.64559002E-02
-14934.290,-.39655332E-02,-.61796796E-02
-14934.287,-.34579018E-01,-.21409583E-01
-14935.347,-.36725804E-01,-.29720628E-01
-14935.347,-.36725804E-01,-.29720628E-01
-14935.347,-.36725804E-01,-.29720628E-01
-14935.347,-.36725804E-01,-.29720628E-01
-14936.447,.23186342E-01,.64350430E-02
-14935.775,.11676962E-01,-.30304932E-02
-14934.006,-.28345186E-01,-.16568418E-01
-14934.496,-.15572006E-01,-.16812078E-01
-14933.923,-.19362353E-01,-.13265040E-01
-14933.914,-.19316058E-01,-.98411164E-02
-14933.914,-.19316058E-01,-.98411164E-02
-14935.318,.84031512E-02,-.32758060E-02
-14933.984,-.26277153E-01,-.13262822E-01
-14933.984,-.26277153E-01,-.13262822E-01
-14935.149,.10339474E-01,.13867896E-02
-14935.346,-.46546708E-01,-.19416085E-01
-14934.599,.81600663E-03,.21316112E-02
-14936.743,.26434072E-01,.13433536E-01
-14935.908,.76765450E-02,-.74052389E-02
-14934.998,-.29958025E-01,-.74358395E-02
-14934.998,-.29958025E-01,-.74358395E-02
-14936.509,.19855394E-02,.12541568E-01
-14934.009,-.28457192E-01,-.15415042E-01
-14934.009,-.28457192E-01,-.15415042E-01
-14935.572,-.43536397E-01,-.32118526E-01
-14934.937,-.12595112E-01,-.17445692E-01
-14934.581,-.36263999E-01,-.14891165E-01
-14933.957,-.20718464E-01,-.96287280E-02
-14933.957,-.20718464E-01,-.96287280E-02
-14934.506,.97946823E-04,.10094788E-02
-14934.506,.97946823E-04,.10094788E-02
-14934.518,-.12280942E-01,-.14981058E-01
-14934.518,-.12280942E-01,-.14981058E-01
-14934.287,-.17233625E-01,-.44234079E-02
-14934.576,-.39735843E-01,-.19057207E-01
-14935.444,-.47221220E-01,-.19436611E-01
-14934.557,-.19302924E-01,-.19178075E-01
-14934.281,-.31126342E-01,-.21517095E-01
-14934.160,-.56918980E-02,-.39414474E-02
-14934.160,-.56918980E-02,-.39414474E-02
-14934.265,-.94759473E-02,-.19049630E-02
-14934.965,.25216114E-02,-.65406176E-02
-14934.965,.25216114E-02,-.65406176E-02
-14934.476,-.11720786E-01,-.89094907E-03
-14934.476,-.11720786E-01,-.89094907E-03
-14934.217,-.25533637E-01,-.19529017E-01
-14933.986,-.12387281E-01,-.63936475E-02
-14934.839,-.42437830E-01,-.19196183E-01
-14935.801,.84196267E-02,-.62431013E-02
-14934.288,-.28308295E-02,-.21550602E-02
-14934.288,-.28308295E-02,-.21550602E-02
-14934.300,-.24042185E-02,-.36329527E-02
-14933.915,-.15044915E-01,-.90717319E-02
-14933.915,-.15044915E-01,-.90717319E-02
-14934.118,-.69038176E-02,-.60706304E-02
-14935.039,.91193912E-02,.43640459E-02
-14935.039,.91193912E-02,.43640459E-02
-14934.611,-.38808635E-01,-.17297700E-01
-14934.101,-.16437937E-01,-.14242002E-01
-14934.099,-.14597659E-01,-.50600038E-02
-14934.308,-.35947257E-01,-.20972629E-01
-14934.308,-.35947257E-01,-.20972629E-01
-14935.207,-.18873883E-01,-.22082214E-01
-14940.658,-.67343375E-01,-.18296254E-01
-14934.084,-.82487524E-02,-.45901739E-02
-14935.381,-.29625769E-01,-.55041822E-02
-14934.221,-.81612010E-02,-.21547297E-02
-14934.050,-.20846506E-01,-.83709024E-02
-14935.591,-.43854509E-01,-.15097683E-01
-14934.399,-.26302996E-01,-.85616542E-02
-14934.997,-.39995843E-01,-.15149517E-01
-14934.971,-.42779038E-01,-.28061263E-01
-14934.080,-.23868923E-01,-.98257530E-02
-14935.602,-.39125751E-01,-.31477209E-01
-14934.570,-.40755867E-01,-.21680982E-01
-14934.478,-.31251154E-01,-.11451136E-01
-14935.371,.12992214E-01,.66925263E-02
-14934.328,-.13925835E-01,-.27411465E-02
-14934.328,-.13925835E-01,-.27411465E-02
-14934.466,-.29025986E-02,.93504106E-03
-14934.466,-.29025986E-02,.93504106E-03
-14934.466,-.29025986E-02,.93504106E-03
-14934.294,-.23718116E-01,-.19490450E-01
-14936.684,-.56749494E-01,-.22443810E-01
-14936.254,.13079743E-01,.13775196E-01
-14933.973,-.14100676E-01,-.10838820E-01
-14933.973,-.14100676E-01,-.10838820E-01
-14934.624,-.25611231E-01,-.66922703E-02
-14934.624,-.25611231E-01,-.66922703E-02
-14934.624,-.25611231E-01,-.66922703E-02
-14934.624,-.25611231E-01,-.66922703E-02
-14933.950,-.25604311E-01,-.15474725E-01
-14935.079,.37918062E-02,-.61639432E-02
-14934.342,-.35264845E-01,-.16628069E-01
-14935.961,-.45418659E-01,-.14636711E-01
-14937.076,.28901574E-01,.15319972E-01
-14934.149,-.78458019E-02,-.31806452E-02
-14934.209,-.45358941E-02,-.49066599E-02
-14935.768,-.51633944E-01,-.32759344E-01
-14934.371,-.41235588E-02,-.14503891E-03
-14933.917,-.16225979E-01,-.11071747E-01
-14934.353,-.29807431E-01,-.21958666E-01
-14934.143,-.27522252E-01,-.11698894E-01
-14935.187,-.39126352E-01,-.29421910E-01
-14933.979,-.25146447E-01,-.12293666E-01
-14934.467,-.31332930E-01,-.23241724E-01
-14934.156,-.30401410E-01,-.19873166E-01
-14934.079,-.14321023E-01,-.12652209E-01
-14934.079,-.14321023E-01,-.12652209E-01
-14934.493,-.28356829E-01,-.22600388E-01
-14934.493,-.28356829E-01,-.22600388E-01
-14933.887,-.19004493E-01,-.11112176E-01
-14935.559,.14386945E-01,.85136358E-02
-14933.930,-.14220420E-01,-.83044046E-02
-14936.322,.12013091E-01,.13999982E-01
-14935.801,-.26498947E-02,.85747451E-02
-14935.822,-.47517638E-01,-.33724428E-01
-14934.247,-.11773529E-01,-.12631583E-01
-14934.247,-.11773529E-01,-.12631583E-01
-14934.308,-.31186373E-01,-.21810809E-01
-14934.054,-.23567113E-01,-.17150226E-01
-14934.054,-.23567113E-01,-.17150226E-01
-14934.244,-.44849735E-02,-.59415816E-02
-14934.893,-.44779308E-01,-.25954176E-01
-14934.693,-.32802700E-01,-.25177297E-01
-14935.276,-.48181032E-01,-.29325338E-01
-14935.698,-.51491525E-01,-.32176197E-01
-14933.999,-.13129197E-01,-.61169035E-02
-14933.906,-.22657951E-01,-.13747205E-01
-14934.628,-.40659000E-01,-.19639240E-01
-14934.039,-.15553165E-01,-.12972329E-01
-14935.696,-.53655265E-01,-.29401144E-01
-14934.260,-.28382792E-01,-.11118393E-01
-14934.260,-.28382792E-01,-.11118393E-01
-14934.490,-.39521648E-01,-.21712046E-01
-14934.377,-.28390287E-01,-.10129214E-01
-14934.238,-.19528434E-01,-.58912939E-02
-14934.042,-.11810676E-01,-.10215564E-01
-14935.483,-.45549144E-01,-.17341180E-01
-14934.967,-.27835462E-01,-.62435779E-02
-14933.922,-.23302689E-01,-.12285645E-01
-14934.605,-.12387879E-01,-.32227816E-03
-14935.023,-.92836614E-02,-.15813250E-01
-14934.152,-.26714084E-01,-.10983411E-01
-14934.152,-.26714084E-01,-.10983411E-01
-14934.624,-.28517392E-02,.23859652E-02
-14934.826,-.35352236E-02,-.10754294E-01
-14934.587,-.40186009E-01,-.19603830E-01
-14934.587,-.40186009E-01,-.19603830E-01
-14936.012,-.37590387E-02,-.16230544E-01
-14934.361,-.82277630E-02,-.11030982E-01
-14934.795,-.38811674E-01,-.15528217E-01
-14934.748,-.29413443E-01,-.24513166E-01
-14934.088,-.13737750E-01,-.49118781E-02
-14934.545,-.30399050E-01,-.10335336E-01
-14936.061,-.53703354E-01,-.34422628E-01
-14936.926,-.36402070E-02,-.19040428E-01
-14936.799,-.37790010E-02,-.18758549E-01
-14936.799,-.37790010E-02,-.18758549E-01
-14935.384,-.15031479E-01,.22543564E-02
-14934.614,-.40958539E-02,.21240503E-02
-14934.503,-.25947974E-01,-.76311809E-02
-14934.318,-.46378593E-02,-.79894098E-03
-14934.318,-.46378593E-02,-.79894098E-03
-14934.318,-.46378593E-02,-.79894098E-03
-14934.236,-.33842898E-01,-.20657764E-01
-14934.063,-.30318945E-01,-.16364425E-01
-14934.063,-.30318945E-01,-.16364425E-01
-14934.063,-.30318945E-01,-.16364425E-01
-14934.143,-.19010044E-01,-.16073874E-01
-14934.618,-.30183429E-01,-.96946971E-02
-14934.066,-.23397558E-01,-.17228948E-01
-14934.248,-.44148433E-02,-.20434470E-02
-14934.566,-.34203810E-01,-.24555314E-01
-14934.359,-.87097755E-02,-.11384534E-01
-14936.289,.84719984E-02,.13321865E-01
-14936.289,.84719984E-02,.13321865E-01
-14934.220,-.91419876E-02,-.10380714E-01
-14934.850,-.24460669E-01,-.48117207E-02
-14934.081,-.30892459E-01,-.16763159E-01
-14934.463,-.36799571E-01,-.16742699E-01
-14934.222,-.12571572E-01,-.12953449E-01
-14934.222,-.12571572E-01,-.12953449E-01
-14934.699,-.39103510E-01,-.16690406E-01
-14935.784,.14972374E-01,.63430516E-03
-14938.164,.51396194E-02,-.16644318E-01
-14935.790,-.35533702E-01,-.77316957E-02
-14935.864,-.49576859E-01,-.33899086E-01
-14934.227,-.39212555E-02,-.37742516E-02
-14935.206,.11005731E-01,.16285250E-02
-14936.062,.17445861E-01,.14746274E-02
-14934.721,-.47858419E-02,-.11053563E-01
-14935.149,.72029115E-02,.67963970E-02
-14934.060,-.12172834E-01,-.10817775E-01
-14934.060,-.12172834E-01,-.10817775E-01
-14934.060,-.12172834E-01,-.10817775E-01
-14934.269,-.28016759E-01,-.20761883E-01
-14934.569,-.23689181E-01,-.58837294E-02
-14934.569,-.23689181E-01,-.58837294E-02
-14935.480,.61682241E-02,-.65143368E-02
-14934.226,-.39536018E-02,-.34958352E-02
-14934.824,.68635888E-04,-.77536573E-02
-14934.130,-.28705632E-01,-.12836458E-01
-14933.901,-.20460684E-01,-.10886791E-01
-14935.009,-.29323766E-01,-.25829124E-01
-14936.097,.12686050E-01,-.38789573E-02
-14934.497,-.87813475E-02,-.12493545E-01
-14934.016,-.27950696E-01,-.17223571E-01
-14935.701,-.82328441E-02,.62591641E-02
-14934.070,-.21891423E-01,-.87245355E-02
-14934.070,-.21891423E-01,-.87245355E-02
-14934.070,-.21891423E-01,-.87245355E-02
-14934.148,-.78514150E-02,-.31971996E-02
-14934.459,-.23368913E-01,-.63778550E-02
-14934.652,-.29704142E-01,-.24049876E-01
-14934.204,-.31743700E-01,-.20565162E-01
-14935.707,-.50583168E-01,-.32606692E-01
-14934.350,-.36996801E-01,-.19628058E-01
-14934.313,-.23997796E-02,-.17422705E-02
-14934.394,-.17292521E-01,-.36814341E-02
-14937.356,.17065386E-01,.18855075E-01
-14934.031,-.17126859E-01,-.13837333E-01
-14934.031,-.17126859E-01,-.13837333E-01
-14934.571,-.85335705E-02,-.12826993E-01
-14934.399,-.96370162E-02,-.78512273E-03
-14934.804,-.28111925E-02,-.10046055E-01
-14934.059,-.18348218E-01,-.70114657E-02
-14934.397,-.37452266E-01,-.22060957E-01
-14934.960,.84157345E-02,.18569399E-02
-14934.018,-.21971616E-01,-.16077920E-01
-14934.957,.59371467E-02,.51476226E-02
-14935.785,.11824057E-01,.11144997E-01
-14934.228,-.21054010E-01,-.17810338E-01
-14935.019,.91999767E-02,.33211787E-02
-14933.986,-.23861344E-01,-.11152354E-01
-14934.399,-.27233489E-01,-.91682185E-02
-14934.530,-.75946939E-02,.74498073E-03
-14936.897,.26479474E-01,.15534733E-01
-14935.228,.48575831E-02,.74519912E-02
-14933.952,-.25570796E-01,-.13531039E-01
-14934.179,-.54122703E-02,-.33703818E-02
-14934.118,-.83892463E-02,-.37060146E-02
-14934.523,-.20441848E-01,-.19542783E-01
-14935.296,-.46975321E-01,-.20393273E-01
-14934.986,.68817702E-02,-.19026649E-02
-14935.684,-.29025654E-01,-.39514106E-02
-14935.010,.87334424E-02,.93710404E-03
-14934.828,-.12379644E-01,-.16783449E-01
-14934.227,-.21988649E-01,-.18223564E-01
-14935.223,-.48502407E-01,-.28142086E-01
-14934.067,-.10237893E-01,-.45936054E-02
-14934.545,-.29404869E-01,-.96301124E-02
-14934.526,-.31810035E-01,-.11526169E-01
-14935.248,-.33164999E-01,-.28242656E-01
-14934.854,.53567145E-02,.40660183E-02
-14934.041,-.28124542E-01,-.17836233E-01
-14933.986,-.15570067E-01,-.69039033E-02
-14934.131,-.27645136E-01,-.11941944E-01
-14934.007,-.15126218E-01,-.64291566E-02
-14934.072,-.29959748E-01,-.15277702E-01
-14934.284,-.24676538E-01,-.84026755E-02
-14934.425,-.25272736E-01,-.77335342E-02
-14934.425,-.25272736E-01,-.77335342E-02
-14937.132,-.64582392E-01,-.36019845E-01
-14934.438,-.32995361E-01,-.23307352E-01
-14934.727,-.18920340E-01,-.19910941E-01
-14934.312,-.31301342E-01,-.21863635E-01
-14936.126,-.43913009E-01,-.12641164E-01
-14933.997,-.27159315E-01,-.16817062E-01
-14933.949,-.13910406E-01,-.99991942E-02
-14936.308,.86918417E-03,-.14139692E-01
-14935.085,-.23073501E-01,-.23597549E-01
-14934.518,-.58121125E-02,-.10421175E-01
-14934.179,-.32931732E-01,-.19703632E-01
-14934.813,-.42348238E-03,-.81066720E-02
-14935.961,.12929099E-01,.12195868E-01
-14934.147,-.21204935E-01,-.75536901E-02
-14934.127,-.31240919E-01,-.19182370E-01
-14934.127,-.31240919E-01,-.19182370E-01
-14934.897,-.44338050E-01,-.26531839E-01
-14934.801,.49746668E-02,-.20933342E-02
-14934.235,-.14816058E-01,-.14511908E-01
-14934.046,-.13754256E-01,-.54582028E-02
-14934.140,-.19122731E-01,-.65429761E-02
-14934.551,-.36374647E-01,-.15292603E-01
-14934.020,-.28931720E-01,-.16713880E-01
-14934.372,-.94095531E-02,-.93295255E-03
-14936.021,-.71485200E-02,-.18420888E-01
-14936.021,-.71485200E-02,-.18420888E-01
-14936.021,-.71485200E-02,-.18420888E-01
-14935.577,-.34816435E-01,-.30180851E-01
-14937.324,-.64020200E-01,-.28371007E-01
-14934.295,-.88016720E-02,-.14666657E-02
-14934.609,-.28215161E-01,-.84193247E-02
-14934.609,-.28215161E-01,-.84193247E-02
-14934.299,-.43016625E-02,-.67401479E-02
-14935.926,-.53734614E-01,-.33219633E-01
-14934.439,-.36226481E-01,-.23361046E-01
-14934.377,-.19626879E-01,-.18218594E-01
-14934.122,-.12099424E-01,-.11584052E-01
-14934.295,-.34319055E-01,-.16201845E-01
-14936.225,-.41077487E-01,-.10042902E-01
-14934.533,-.33515465E-01,-.12839779E-01
-14935.402,.13871888E-01,.48375149E-02
-14934.440,-.17818017E-02,-.58754491E-02
-14934.295,-.13010091E-01,-.26642358E-02
-14935.030,-.44696967E-01,-.20067588E-01
-14934.008,-.20357350E-01,-.15239017E-01
-14934.026,-.26893681E-01,-.12888184E-01
-14935.204,-.48734708E-01,-.27055118E-01
-14937.009,-.58593211E-01,-.22788299E-01
-14936.139,-.21002331E-01,.20433806E-02
-14935.872,.80545080E-02,-.69111816E-02
-14936.721,-.38506850E-01,-.35414477E-01
-14935.266,-.22982396E-01,-.24315776E-01
-14935.175,-.38147035E-01,-.12461202E-01
-14935.687,-.51216699E-01,-.32192885E-01
-14936.263,-.21659006E-01,.20976944E-02
-14936.609,-.47167940E-01,-.13381107E-01
-14935.530,-.45393529E-01,-.16894667E-01
-14934.570,-.35895262E-01,-.24767835E-01
-14935.171,-.47728943E-01,-.23159383E-01
-14934.133,-.12135164E-01,-.11735614E-01
-14935.129,.10293197E-01,.48913718E-02
-14935.308,-.27637504E-01,-.26502154E-01
-14935.307,-.13705560E-01,.25226394E-02
-14934.418,-.31934878E-01,-.12484428E-01
-14936.301,-.45239757E-02,-.17700324E-01
-14934.152,-.12064660E-01,-.11905717E-01
-14936.363,-.31803982E-01,-.31910646E-01
-14935.443,.14104031E-01,.66058730E-02
-14934.612,-.40779925E-01,-.24129754E-01
-14934.980,-.30615933E-01,-.26141860E-01
-14934.958,.67524022E-05,.51805109E-02
-14935.504,-.10750864E-01,.45326176E-02
-14934.578,-.70964047E-03,-.63573283E-02
-14937.297,.48129136E-02,-.14529133E-01
-14935.080,-.35381240E-01,-.28057356E-01
-14935.748,-.30271842E-01,-.29240975E-01
-14937.225,-.11849191E-01,-.24718524E-01
-14933.889,-.19552320E-01,-.11083243E-01
-14933.889,-.19552320E-01,-.11083243E-01
-14934.755,-.39821655E-01,-.16929049E-01
-14935.980,-.57230196E-03,.98936060E-02
-14934.207,-.60842491E-02,-.72791000E-02
-14934.169,-.33266504E-01,-.18552556E-01
-14934.590,-.28256032E-01,-.85611055E-02
-14935.089,-.40397833E-01,-.14904138E-01
-14933.995,-.15616826E-01,-.67763638E-02
-14934.004,-.10388065E-01,-.68030405E-02
-14934.004,-.10388065E-01,-.68030405E-02
-14934.217,-.85500114E-02,-.22444840E-02
-14934.375,-.22797688E-02,-.54945454E-02
-14934.728,-.33454345E-01,-.11393134E-01
-14934.228,-.16061149E-01,-.15202302E-01
-14935.921,-.54512111E-01,-.25457432E-01
-14936.635,-.26488280E-05,-.15812763E-01
-14934.967,-.36815089E-01,-.27741254E-01
-14934.164,-.86012772E-02,-.29298723E-02
-14934.145,-.14635654E-01,-.45829862E-02
-14935.003,.37809118E-02,.58105426E-02
-14935.062,-.39892735E-01,-.28778253E-01
-14934.126,-.17387569E-01,-.15040862E-01
-14934.126,-.31069887E-01,-.19235949E-01
-14935.062,.19585918E-02,.61134572E-02
-14935.062,.19585918E-02,.61134572E-02
-14934.031,-.95919566E-02,-.73077307E-02
-14934.051,-.22534820E-01,-.93319074E-02
-14934.051,-.22534820E-01,-.93319074E-02
-14934.653,-.41507548E-01,-.20735451E-01
-14934.360,-.37035467E-01,-.19221723E-01
-14934.929,-.38261621E-01,-.14040624E-01
-14934.741,-.41610031E-01,-.19308929E-01
-14934.499,.12918288E-02,-.21505832E-02
-14934.096,-.25796251E-01,-.18362973E-01
-14934.096,-.25796251E-01,-.18362973E-01
-14934.179,-.16639870E-01,-.50453145E-02
-14934.748,.43925267E-02,-.21452502E-02
-14934.559,-.49509240E-02,.15496913E-02
-14939.019,-.29064607E-01,-.37457108E-01
-14935.153,-.26361292E-01,-.44992480E-02
-14935.153,-.26361292E-01,-.44992480E-02
-14935.799,-.30599758E-01,-.44865051E-02
-14937.661,-.58813615E-01,-.19931128E-01
-14933.889,-.20785714E-01,-.11970427E-01
-14934.978,-.34076150E-01,-.27174609E-01
-14936.033,.20288186E-01,.70268273E-02
-14935.953,.48415475E-02,-.98911075E-02
-14935.956,-.19046102E-01,.24268419E-02
-14934.098,-.11516207E-01,-.10831768E-01
-14937.119,-.52125693E-01,-.15695576E-01
-14935.660,-.55591794E-02,.70671912E-02
-14934.533,-.19182551E-01,-.37041915E-02
-14934.533,-.19182551E-01,-.37041915E-02
-14934.943,-.32484388E-01,-.26543619E-01
-14935.458,.12079514E-01,.85482987E-02
-14936.093,.64599811E-02,.12117664E-01
-14933.995,-.27584255E-01,-.16610294E-01
-14934.096,-.24570579E-01,-.10098119E-01
-14934.196,-.10801694E-01,-.11437683E-01
-14934.334,-.20322130E-01,-.55667012E-02
-14935.336,.26700338E-02,-.87142844E-02
-14937.587,.23860114E-01,-.15297714E-03
-14934.573,-.35161994E-01,-.13936342E-01
-14934.886,-.11024795E-01,-.16242877E-01
-14935.184,-.37102385E-01,-.29004748E-01
-14935.771,-.38277352E-01,-.31983570E-01
-14935.437,-.43752046E-01,-.31381290E-01
-14935.186,-.43127396E-01,-.16882635E-01
-14936.738,-.13392107E-01,-.24260759E-01
-14935.890,-.20519678E-01,.14705778E-02
-14934.931,-.45130328E-01,-.22295241E-01
-14935.079,-.21291847E-01,-.22739466E-01
-14935.832,.18413209E-01,.66238089E-02
-14934.108,-.17847105E-01,-.15115881E-01
-14934.108,-.17847105E-01,-.15115881E-01
-14934.795,-.31727107E-01,-.25506499E-01
-14934.253,-.43766905E-02,-.59881467E-02
-14934.285,-.35776913E-01,-.19194144E-01
-14934.901,-.20942192E-01,-.26537765E-02
-14933.988,-.25350050E-01,-.12282808E-01
-14934.368,-.41421678E-02,-.75208763E-02
-14933.955,-.17604318E-01,-.12961801E-01
-14934.855,-.22560370E-01,-.37335424E-02
-14934.405,-.24723073E-01,-.75329156E-02
-14936.215,.17666828E-01,.60574764E-03
-14934.019,-.21854831E-01,-.93360830E-02
-14934.019,-.21854831E-01,-.93360830E-02
-14934.019,-.21854831E-01,-.93360830E-02
-14934.976,-.13149090E-01,-.17955351E-01
-14936.348,-.21980532E-01,.21933180E-02
-14935.290,-.42074534E-01,-.30387300E-01
-14935.815,-.53702277E-01,-.25271095E-01
-14935.867,-.27368812E-01,-.23157846E-02
-14934.681,-.42329689E-01,-.22186246E-01
-14934.366,-.14255428E-01,-.15185440E-01
-14934.366,-.14255428E-01,-.15185440E-01
-14934.366,-.14255428E-01,-.15185440E-01
-14935.675,-.41142766E-01,-.12372048E-01
-14934.755,-.24009200E-01,-.22457780E-01
-14936.959,-.63139752E-01,-.36022958E-01
-14936.047,-.47422877E-01,-.16028338E-01
-14935.826,.16350230E-01,.21440466E-02
-14934.791,-.10854719E-01,.12878807E-02
-14934.679,-.35226721E-01,-.25570143E-01
-14935.557,-.26907669E-01,-.31753396E-02
-14935.363,.13076521E-01,.63742427E-02
-14934.040,-.29701754E-01,-.16638899E-01
-14934.314,-.21278713E-01,-.62123560E-02
-14934.148,-.31725995E-01,-.19520700E-01
-14935.963,-.51464805E-01,-.20684972E-01
-14934.218,-.49642105E-02,-.60238908E-02
-14934.870,.21286093E-02,-.61796983E-02
-14935.507,-.48619177E-01,-.31506256E-01
-14937.252,-.58867266E-01,-.40527216E-01
-14934.088,-.18598128E-01,-.68102625E-02
-14933.937,-.15960713E-01,-.80225045E-02
-14934.825,-.39156230E-01,-.27043673E-01
-14937.617,-.53150778E-02,.13219118E-01
-14936.063,-.40051638E-01,-.33606534E-01
-14935.837,-.54447650E-01,-.26622431E-01
-14934.386,-.37741309E-01,-.20517856E-01
-14934.326,-.12608534E-01,-.13851014E-01
-14937.981,-.18065383E-01,-.29902269E-01
-14934.610,-.30406476E-01,-.99056012E-02
-14935.100,.71721561E-02,.63450574E-02
-14934.390,-.68992476E-03,-.30951727E-02
-14934.145,-.20129186E-01,-.69957138E-02
-14936.287,-.28583904E-01,-.16233021E-02
-14935.201,-.27007504E-01,-.25800055E-01
-14934.279,-.12412580E-01,-.13348491E-01
-14935.328,.10249668E-01,.78342251E-02
-14933.983,-.26591963E-01,-.13619102E-01
-14934.194,-.24811174E-01,-.92577413E-02
-14934.088,-.24542309E-01,-.17892404E-01
-14934.134,-.31948107E-01,-.19004845E-01
-14934.069,-.22354006E-01,-.16860766E-01
-14934.224,-.30299312E-01,-.13045465E-01
-14934.485,-.28671441E-01,-.22643460E-01
-14936.244,.19072421E-01,.21067593E-02
-14934.549,-.30028441E-01,-.23494113E-01
-14934.885,.71352318E-02,.31674825E-02
-14934.346,-.45839380E-02,-.44286907E-03
-14934.817,-.30166405E-01,-.25141755E-01
-14935.654,.10241267E-01,-.37153718E-02
-14935.758,-.15073001E-01,-.22140480E-01
-14934.282,-.84354425E-02,-.10456091E-01
-14934.850,-.41835131E-01,-.18303229E-01
-14934.832,-.24662574E-01,-.50182104E-02
-14934.701,.47339017E-02,.94849521E-04
-14939.038,-.67167979E-01,-.47296647E-01
-14934.946,-.45819471E-01,-.24025901E-01
-14934.198,-.29065913E-01,-.20286259E-01
-14935.417,-.33181014E-01,-.28989892E-01
-14935.416,.62734289E-02,.87338741E-02
-14934.365,-.12480384E-01,-.19378958E-02
-14934.365,-.12480384E-01,-.19378958E-02
-14934.428,.13073000E-03,-.23493582E-02
-14934.005,-.28032322E-01,-.14768970E-01
-14935.565,-.22459888E-01,-.25223643E-01
-14934.139,-.82512011E-02,-.84725899E-02
-14934.118,-.22456228E-01,-.17436768E-01
-14935.273,-.41961281E-01,-.15183779E-01
-14935.273,-.41961281E-01,-.15183779E-01
-14934.182,-.76267928E-02,-.85362578E-02
-14934.480,-.45111773E-02,.95497753E-03
-14934.721,-.99371959E-02,-.14681513E-01
-14935.433,-.50624334E-01,-.29386622E-01
-14936.122,-.82280100E-02,-.19419521E-01
-14936.122,-.82280100E-02,-.19419521E-01
-14934.552,.23498399E-02,-.11630340E-02
-14934.150,-.62569954E-02,-.61308448E-02
-14936.486,-.49561016E-01,-.15966172E-01
-14934.176,-.75584804E-02,-.27338166E-02
-14937.232,-.65319067E-01,-.36131368E-01
-14934.187,-.88096837E-02,-.26483023E-02
-14934.033,-.95976878E-02,-.73886869E-02
-14935.297,.57185182E-03,.72238869E-02
-14934.083,-.30674348E-01,-.16082215E-01
-14933.916,-.18007013E-01,-.12316122E-01
-14936.954,-.25485002E-01,.20901206E-02
-14936.917,.24715699E-01,.43898517E-02
-14933.973,-.15094347E-01,-.11614786E-01
-14935.002,.19753609E-02,-.73047698E-02
-14936.690,.23453598E-01,.44170782E-02
-14934.775,.58846681E-02,.11833412E-02
-14934.775,.58846681E-02,.11833412E-02
-14933.948,-.12963930E-01,-.80256699E-02
-14938.744,-.39708252E-03,.17829749E-01
-14934.127,-.72231522E-02,-.38024305E-02
-14934.148,-.65186100E-02,-.65232211E-02
-14934.690,-.35477612E-01,-.25691983E-01
-14935.440,.29614099E-02,.84306738E-02
-14934.651,-.39177561E-01,-.25419530E-01
-14935.168,-.42977200E-01,-.29632244E-01
-14935.168,-.42977200E-01,-.29632244E-01
-14934.485,-.25129804E-01,-.72440938E-02
-14938.301,.20848508E-01,.22643203E-01
-14936.866,.15408608E-01,-.49402841E-02
-14934.558,-.33985301E-01,-.13033396E-01
-14936.312,.22063041E-01,.60549947E-02
-14934.693,-.92145856E-02,.13097260E-02
-14935.711,-.19500109E-01,-.24302432E-01
-14934.255,-.35207093E-01,-.19452067E-01
-14933.977,-.27074507E-01,-.16048799E-01
-14934.287,-.38435213E-02,-.59620904E-02
-14936.977,.26251599E-01,.60568404E-02
-14934.045,-.29369283E-01,-.15297629E-01
-14938.542,-.21781608E-01,-.33027807E-01
-14935.859,.15124531E-01,.11264022E-01
-14934.839,.49928463E-02,.40197271E-02
-14934.884,-.33234659E-01,-.26433363E-01
-14937.287,.14782170E-01,.18245396E-01
-14934.377,-.20170741E-01,-.18487422E-01
-14935.035,-.36468737E-01,-.11896180E-01
-14934.963,-.71773174E-02,.34481687E-02
-14934.440,-.20575529E-02,.57529685E-03
-14934.440,-.20575529E-02,.57529685E-03
-14933.928,-.24802097E-01,-.13986253E-01
-14935.731,.14397720E-01,.10383825E-01
-14934.216,-.34159322E-01,-.19742650E-01
-14934.913,-.44076001E-02,-.11922089E-01
-14934.288,-.25960622E-01,-.20284965E-01
-14934.168,-.14701704E-01,-.13843607E-01
-14934.438,-.11281117E-01,-.10041847E-02
-14937.083,.12040342E-02,-.16358509E-01
-14935.973,-.37335353E-01,-.32500627E-01
-14935.713,-.53451409E-01,-.26425838E-01
-14934.148,-.17188195E-01,-.55711007E-02
-14934.543,-.10522032E-01,-.40431726E-04
-14934.782,-.32388563E-01,-.10267272E-01
-14934.769,-.26002882E-01,-.23361404E-01
-14933.934,-.18239432E-01,-.88647409E-02
-14934.526,-.35728752E-01,-.14894170E-01
-14933.926,-.21152127E-01,-.14137799E-01
-14936.365,-.47690005E-01,-.36342999E-01
-14934.984,.77215225E-02,.47007555E-02
-14934.487,-.33863506E-01,-.13527098E-01
-14934.364,-.10316771E-02,-.18934150E-02
-14934.516,-.30879469E-02,-.80697536E-02
-14934.372,-.21733158E-02,-.44999056E-03
-14934.019,-.28636401E-01,-.17000807E-01
-14934.246,-.15563682E-01,-.15056080E-01
-14934.840,-.18631341E-02,-.95160605E-02
-14935.230,-.25181946E-01,-.25154772E-01
-14935.245,.38201739E-02,-.72204718E-02
-14935.620,-.17153404E-01,-.22771980E-01
-14933.910,-.22631804E-01,-.13981014E-01
-14934.190,-.26428682E-01,-.19567574E-01
-14936.084,-.53569190E-01,-.22442582E-01
-14934.520,-.20410471E-01,-.43976590E-02
-14935.538,-.51132260E-01,-.30552713E-01
-14934.089,-.31084349E-01,-.17857379E-01
-14934.596,-.90544317E-02,-.13348382E-01
-14934.088,-.30167940E-01,-.15118188E-01
-14934.193,-.32497300E-01,-.20245263E-01
-14933.942,-.16073818E-01,-.11669679E-01
-14935.172,-.68910128E-02,.45578017E-02
-14934.786,-.37569972E-01,-.26649717E-01
-14934.524,-.14099275E-02,-.65080033E-02
-14934.499,.83279558E-03,-.32015010E-02
-14936.073,.55063061E-02,.11834658E-01
-14936.939,-.63240509E-01,-.35404768E-01
-14933.895,-.21810169E-01,-.12438768E-01
-14934.616,-.77294486E-02,.12903896E-02
-14935.313,.12163333E-01,.19791328E-02
-14935.617,-.50327356E-03,-.12479824E-01
-14934.399,-.18862361E-01,-.43876144E-02
-14934.238,-.27477440E-01,-.10665606E-01
-14936.224,-.30958718E-01,-.31135592E-01
-14935.461,-.48918026E-01,-.31004251E-01
-14933.998,-.16077911E-01,-.12737346E-01
-14934.741,.26889403E-03,-.69086912E-02
-14934.406,-.35818085E-01,-.22989912E-01
-14933.991,-.16959228E-01,-.13173389E-01
-14933.991,-.16959228E-01,-.13173389E-01
-14933.991,-.16959228E-01,-.13173389E-01
-14934.745,.50299183E-02,.22831827E-02
-14936.136,-.58650981E-02,-.18005539E-01
-14934.368,-.18087220E-01,-.17369840E-01
-14934.516,-.77073895E-02,.61421644E-03
-14934.516,-.77073895E-02,.61421644E-03
-14935.524,.11586368E-01,.92854300E-02
-14934.653,-.11031708E-03,-.64902120E-02
-14935.899,.17344366E-01,.28670230E-02
-14934.396,-.37365993E-02,-.74475370E-02
-14935.057,-.21697763E-01,-.22835991E-01
-14936.023,.20295943E-01,.90488976E-02
-14936.033,-.36394853E-01,-.32431172E-01
-14935.976,.11015035E-01,-.48088254E-02
-14934.178,-.13560061E-01,-.38856931E-02
-14934.403,-.36747140E-01,-.22675369E-01
-14935.114,-.48950750E-02,.49066957E-02
-14936.755,-.62245384E-01,-.32683639E-01
-14935.030,-.56387471E-02,-.13424076E-01
-14934.853,-.38477415E-01,-.14763599E-01
-14933.969,-.19547358E-01,-.14266739E-01
-14934.834,-.36478501E-02,.37050598E-02
-14934.163,-.32765143E-01,-.19291990E-01
-14935.186,-.78772626E-02,-.15658796E-01
-14935.186,-.78772626E-02,-.15658796E-01
-14934.608,-.13597830E-01,-.77676441E-03
-14935.683,-.59277455E-02,.70291378E-02
-14936.852,-.38095626E-01,-.58188464E-02
-14934.017,-.10759869E-01,-.85555770E-02
-14934.544,-.39607730E-01,-.19452446E-01
-14934.072,-.30116043E-01,-.18131729E-01
-14934.644,.38886090E-02,.10085775E-03
-14933.921,-.20083316E-01,-.13551613E-01
-14934.034,-.21962669E-01,-.16287209E-01
-14936.551,-.59645445E-01,-.35274909E-01
-14935.298,-.31149767E-01,-.27792005E-01
-14933.905,-.16401398E-01,-.10628860E-01
-14934.854,-.27462941E-01,-.65739548E-02
-14933.969,-.22907029E-01,-.15647873E-01
-14935.165,-.88796102E-02,-.16208285E-01
-14934.404,-.37646231E-01,-.22059943E-01
-14935.582,-.94816988E-02,-.18284071E-01
-14934.344,-.25254525E-01,-.20467209E-01
-14934.465,-.35786703E-02,.89959831E-03
-14934.015,-.25856580E-01,-.12181744E-01
-14934.582,-.16424790E-02,-.73310693E-02
-14935.129,.44298684E-02,.67616623E-02
-14934.232,-.20911753E-01,-.66522516E-02
-14934.267,-.10993777E-01,-.12257141E-01
-14933.905,-.16820448E-01,-.93223976E-02
-14937.653,.25656007E-01,.20588525E-01
-14934.555,.18641407E-02,-.26138219E-02
-14934.407,-.35087648E-01,-.15521202E-01
-14937.421,-.90166025E-02,-.23609749E-01
-14934.405,-.96299215E-02,-.73307863E-03
-14934.081,-.81424442E-02,-.48060321E-02
-14935.010,.79045019E-02,.49893570E-02
-14937.898,.13218327E-01,-.10201194E-01
-14934.853,-.11776144E-01,.12636734E-02
-14934.902,-.12819782E-01,.10976797E-02
-14935.023,.82613360E-02,.49524105E-02
-14935.066,-.44096894E-01,-.28694261E-01
-14935.026,-.22780237E-02,.51433914E-02
-14934.167,-.59934597E-02,-.33041172E-02
-14934.156,-.27467591E-01,-.19486883E-01
-14934.457,-.16483479E-01,-.17081635E-01
-14935.175,.31934206E-02,.69673868E-02
-14935.175,.31934206E-02,.69673868E-02
-14936.247,.21239141E-01,.12183655E-01
-14934.185,-.59020991E-02,-.65940350E-02
-14934.649,-.11690555E-01,.19268679E-03
-14934.389,-.87125743E-02,-.61579013E-03
-14935.648,-.12877628E-01,.41951927E-02
-14935.706,-.32666170E-01,-.61458584E-02
-14934.285,-.32711521E-02,-.18056797E-02
-14934.429,-.28228770E-01,-.96233128E-02
-14934.329,-.36281724E-01,-.21276011E-01
-14933.910,-.17838384E-01,-.12033772E-01
-14933.910,-.17838384E-01,-.12033772E-01
-14934.651,.37957986E-02,.11788260E-02
-14934.300,-.30588912E-02,-.50922980E-02
-14934.300,-.30588912E-02,-.50922980E-02
-14935.034,.78517967E-02,.53765958E-02
-14933.972,-.14873653E-01,-.69828234E-02
-14934.491,-.40039740E-02,-.86688848E-02
-14934.709,-.40163390E-01,-.17800104E-01
-14934.369,-.61408473E-02,-.29584448E-03
-14935.375,-.93258066E-02,.45712734E-02
-14934.034,-.10072538E-01,-.82021783E-02
-14934.735,-.51995857E-03,-.75985300E-02
-14936.020,-.48776240E-02,-.16984277E-01
-14934.464,-.36979116E-01,-.23560450E-01
-14934.854,-.18004866E-01,-.14207057E-02
-14934.055,-.16022824E-01,-.60809083E-02
-14934.409,-.17135593E-01,-.35119768E-02
-14934.409,-.17135593E-01,-.35119768E-02
-14934.409,-.17135593E-01,-.35119768E-02
-14933.971,-.12586500E-01,-.68219086E-02
-14935.394,-.30489533E-01,-.27955357E-01
-14934.648,-.40682960E-01,-.19331409E-01
-14933.922,-.23903163E-01,-.12912123E-01
-14935.014,-.25973240E-01,-.24545651E-01
-14934.502,-.32017164E-01,-.23660133E-01
-14935.911,-.53442328E-01,-.23736850E-01
-14939.893,-.72455643E-01,-.49830727E-01
-14938.764,-.48422408E-01,-.44044118E-01
-14934.274,-.28021809E-01,-.10727179E-01
-14934.287,-.13453665E-01,-.28928306E-02
-14935.672,-.66538311E-02,-.16864500E-01
-14933.906,-.22620412E-01,-.13737888E-01
-14937.488,-.40674654E-01,-.38366929E-01
-14934.292,-.25430026E-02,-.35820881E-02
-14935.097,-.13566867E-01,.16916716E-02
-14935.233,-.11741375E-01,.30359458E-02
-14937.286,.18601882E-01,-.38010532E-02
-14937.286,.18601882E-01,-.38010532E-02
-14934.395,-.37776380E-01,-.19816646E-01
-14935.868,-.35020786E-01,-.70847996E-02
-14935.749,.64493353E-02,.10559001E-01
-14935.298,.11208701E-01,.70809651E-02
-14934.536,.14506675E-02,.81279018E-03
-14934.293,-.25459111E-02,-.36653126E-02
-14934.099,-.18371014E-01,-.15309790E-01
-14934.068,-.28716807E-01,-.18365929E-01
-14933.929,-.14765402E-01,-.10135135E-01
-14936.215,-.44664233E-01,-.35242441E-01
-14934.005,-.18718902E-01,-.14390582E-01
-14934.906,-.45022275E-01,-.22652186E-01
-14934.441,.41434401E-03,-.20612251E-02
-14935.005,-.43368962E-01,-.28270516E-01
-14934.301,-.19998406E-01,-.17871964E-01
-14934.299,-.27950968E-01,-.10454995E-01
-14934.058,-.26467846E-01,-.18009502E-01
-14936.382,.23247733E-01,.11870980E-01
-14935.885,-.49137977E-01,-.34057579E-01
-14937.164,-.64951547E-01,-.35550336E-01
-14934.275,-.28407808E-01,-.20921940E-01
-14934.115,-.30148953E-01,-.14497755E-01
-14934.602,-.41056565E-01,-.23429615E-01
-14935.518,.12591320E-01,-.23797782E-04
-14935.725,-.27685681E-01,-.28117937E-01
-14934.057,-.27083424E-01,-.12508964E-01
-14934.124,-.13711496E-01,-.44908654E-02
-14934.732,-.54168228E-02,-.11599840E-01
-14936.644,-.54230961E-01,-.19804070E-01
-14934.437,-.13179266E-01,-.16833312E-02
-14933.934,-.13713590E-01,-.85998748E-02
-14936.712,.26591233E-01,.11571812E-01
-14934.953,-.42192237E-01,-.27981783E-01
-14935.084,-.40419526E-01,-.28964961E-01
-14934.431,-.23279114E-01,-.20272707E-01
-14934.431,-.23279114E-01,-.20272707E-01
-14934.569,-.62420128E-02,.13509554E-02
-14933.968,-.21513836E-01,-.15134561E-01
-14934.142,-.88355688E-02,-.91061386E-02
-14939.214,.40155140E-01,.10249933E-01
-14934.663,.39583408E-02,-.98315865E-03
-14933.960,-.23482491E-01,-.11381033E-01
-14934.590,-.37386862E-01,-.15939046E-01
-14938.072,.24449431E-01,-.15166760E-02
-14935.374,-.18610745E-02,.70092940E-02
-14934.852,-.14798767E-01,.24853658E-04
-14934.654,-.15565512E-01,-.13366367E-02
-14934.174,-.14965216E-01,-.14065325E-01
-14938.400,-.71346945E-01,-.41969926E-01
-14937.866,-.64780130E-01,-.25838033E-01
-14934.376,-.28519586E-01,-.10228322E-01
-14933.987,-.19456831E-01,-.84726848E-02
-14934.577,-.38415147E-01,-.17235629E-01
-14933.961,-.23649741E-01,-.11485605E-01
-14935.132,-.33604313E-01,-.27829582E-01
-14934.496,-.34784899E-01,-.14280525E-01
-14935.546,-.30657980E-01,-.54823762E-02
-14935.458,-.18249565E-01,.10441169E-02
-14934.893,-.23106535E-01,-.38432460E-02
-14934.893,-.23106535E-01,-.38432460E-02
-14934.589,-.82969211E-02,.95252967E-03
-14934.098,-.28493948E-01,-.18903213E-01
-14934.098,-.28493948E-01,-.18903213E-01
-14934.451,-.27608167E-02,-.70833761E-02
-14934.330,-.10038557E-01,-.14524673E-02
-14934.486,-.39459144E-01,-.21693807E-01
-14934.529,-.33812867E-01,-.13121866E-01
-14934.564,-.65756263E-02,-.11352281E-01
-14934.564,-.65756263E-02,-.11352281E-01
-14935.034,-.22974913E-01,-.23330466E-01
-14933.958,-.26411111E-01,-.15284374E-01
-14934.182,-.82351419E-02,-.91247219E-02
-14934.209,-.60371579E-02,-.23393637E-02
-14936.062,.19079547E-01,.11559690E-01
-14936.088,.17821480E-01,.12390949E-01
-14934.092,-.28001339E-01,-.18762822E-01
-14934.092,-.28001339E-01,-.18762822E-01
-14934.079,-.24145181E-01,-.10022054E-01
-14934.079,-.24145181E-01,-.10022054E-01
-14934.586,-.15519061E-01,-.17321655E-01
-14935.029,-.45933755E-01,-.22047041E-01
-14934.724,-.33477390E-01,-.25537997E-01
-14935.325,.78649282E-02,.81611864E-02
-14936.025,-.45997624E-01,-.14844103E-01
-14934.501,-.35396163E-01,-.14808183E-01
-14934.063,-.10715661E-01,-.95822909E-02
-14934.833,-.18194924E-01,-.20066702E-01
-14934.396,-.61305646E-02,-.32315069E-04
-14934.282,-.16923642E-01,-.16120565E-01
-14933.928,-.21119515E-01,-.10488698E-01
-14934.680,-.42392820E-01,-.23201907E-01
-14934.205,-.62426236E-02,-.74292158E-02
-14934.170,-.15792672E-01,-.14535568E-01
-14935.015,-.44976805E-01,-.20654124E-01
-14935.266,-.28571577E-01,-.53361246E-02
-14934.464,-.90047020E-02,-.12422763E-01
-14934.690,-.42142078E-01,-.21228016E-01
-14936.195,-.39018741E-01,-.33808325E-01
-14935.809,-.41723681E-01,-.12236344E-01
-14934.011,-.26008225E-01,-.12398929E-01
-14935.950,.19632759E-01,.84237379E-02
-14936.823,.15277475E-01,-.48783911E-02
-14934.988,-.25123739E-01,-.24069968E-01
-14935.060,-.46392383E-01,-.27513732E-01
-14934.874,-.21889095E-01,-.32804647E-02
-14936.594,.23716400E-01,.14301439E-01
-14934.789,.52988240E-02,-.13270570E-02
-14934.677,.13758983E-02,.29595617E-02
-14934.115,-.10670636E-01,-.38501380E-02
-14933.992,-.15998666E-01,-.69390359E-02
-14934.691,-.13779933E-02,.30877551E-02
-14934.311,-.15116670E-01,-.33340656E-02
-14934.110,-.77934234E-02,-.40214097E-02
-14934.684,-.32000575E-01,-.10583572E-01
-14934.095,-.31347194E-01,-.17173996E-01
-14935.423,-.45092698E-01,-.17270457E-01
-14936.576,-.60641187E-01,-.30156564E-01
-14935.436,-.44137260E-01,-.31398118E-01
-14934.527,-.35171418E-01,-.24336709E-01
-14934.527,-.35171418E-01,-.24336709E-01
-14936.532,-.15375539E-01,.59726889E-02
-14934.977,.61507718E-02,.53122286E-02
-14934.032,-.28785193E-01,-.17439110E-01
-14934.490,-.33691157E-01,-.23858771E-01
-14936.680,.23766747E-01,.15091003E-01
-14933.948,-.25989303E-01,-.14654238E-01
-14934.637,.33610744E-02,-.16487371E-02
-14934.014,-.10033967E-01,-.71012639E-02
-14934.794,-.37962294E-01,-.26739729E-01
-14936.293,.19335672E-01,.20696474E-02
-14936.637,-.12391662E-01,-.23416249E-01
-14933.896,-.17923356E-01,-.99982510E-02
-14936.808,-.59971562E-01,-.25970909E-01
-14935.462,-.33523878E-01,-.76955442E-02
-14934.522,-.30279046E-01,-.10403150E-01
-14934.573,-.16846031E-02,.20315445E-02
-14934.792,.58118525E-02,.25028737E-02
-14934.215,-.16767181E-01,-.47925028E-02
-14935.958,-.54900086E-01,-.32696819E-01
-14934.471,-.38906330E-01,-.19942828E-01
-14936.526,-.40430841E-01,-.35369725E-01
-14934.925,-.70124609E-02,-.13829687E-01
-14935.885,.34562087E-02,-.10670996E-01
-14937.781,.15437752E-01,-.81415237E-02
-14935.371,-.33964343E-01,-.29044808E-01
-14934.037,-.11486686E-01,-.98294527E-02
-14933.909,-.21592917E-01,-.13762442E-01
-14934.069,-.28920722E-01,-.18382654E-01
-14934.483,-.21821751E-01,-.53711024E-02
-14933.896,-.21138536E-01,-.11617277E-01
-14933.966,-.13030699E-01,-.69415484E-02
-14934.012,-.12716225E-01,-.10447651E-01
-14934.754,.42183679E-02,.31249227E-02
-14936.446,-.59624575E-01,-.29541136E-01
-14935.275,-.42438594E-01,-.15613349E-01
-14933.917,-.23633922E-01,-.12850004E-01
-14935.378,.10296287E-01,-.16157396E-02
-14933.989,-.23512436E-01,-.16184049E-01
-14934.580,.24207343E-02,-.21215774E-02
-14934.945,.68990388E-02,.46102760E-02
-14937.716,-.51299055E-01,-.12909430E-01
-14934.291,-.27584637E-02,-.21124114E-02
-14939.611,-.78295633E-01,-.37405362E-01
-14935.590,-.39675773E-01,-.11603027E-01
-14935.173,-.21928079E-01,-.23442386E-01
-14934.326,-.14703934E-01,-.30623484E-02
-14936.532,.22398377E-01,.14426696E-01
-14935.594,.15874620E-01,.71138615E-02
-14935.075,-.45739964E-01,-.28223135E-01
-14934.519,-.17218939E-01,-.28543208E-02
-14933.960,-.20174239E-01,-.92871614E-02
-14934.302,-.10088668E-01,-.11918558E-01
-14936.295,-.37152278E-01,-.69928718E-02
-14934.799,-.25248319E-01,-.55213456E-02
-14937.023,-.62742454E-01,-.28848064E-01
-14936.434,.90884824E-02,.14023666E-01
-14934.072,-.13726925E-01,-.51045903E-02
-14936.389,.47607354E-02,.12886006E-01
-14934.209,-.43561257E-02,-.38140946E-02
-14936.704,-.60799663E-01,-.28476913E-01
-14934.737,-.12527087E-01,-.16397563E-01
-14936.880,-.57198497E-01,-.38841599E-01
-14934.591,-.32281851E-01,-.24369008E-01
-14933.996,-.15599516E-01,-.67554752E-02
-14934.660,.41375542E-02,.45738919E-03
-14934.800,-.36711339E-01,-.26647819E-01
-14934.582,-.20725168E-01,-.41955445E-02
-14935.854,.54556179E-02,.10881977E-01
-14934.066,-.14950099E-01,-.12916825E-01
-14934.362,-.31057582E-02,-.63075572E-02
-14935.571,.15746412E-01,.59390193E-02
-14934.296,-.56619133E-02,-.10699005E-02
-14936.070,.18355389E-01,.12035253E-01
-14935.086,.96272938E-02,.48072107E-02
-14935.289,.76621786E-02,.79000345E-02
-14935.101,-.66798227E-02,-.14480391E-01
-14936.886,.98727134E-02,-.95414807E-02
-14935.040,-.44357744E-01,-.19508167E-01
-14934.084,-.13831970E-01,-.49875938E-02
-14934.290,-.10359411E-01,-.18815974E-02
-14935.069,-.23591450E-01,-.23765892E-01
-14936.169,-.39530942E-01,-.33860902E-01
-14936.437,-.47828395E-01,-.36660426E-01
-14934.847,.65367267E-02,-.81138148E-04
-14935.554,-.32755103E-01,-.29411432E-01
-14935.645,-.52941259E-01,-.26482223E-01
-14934.168,-.13338274E-01,-.12961890E-01
-14934.168,-.13338274E-01,-.12961890E-01
-14935.115,-.45486752E-01,-.28794151E-01
-14934.665,.41517308E-02,-.37080806E-03
-14933.901,-.21734076E-01,-.13420969E-01
-14933.901,-.21734076E-01,-.13420969E-01
-14935.016,-.38071311E-01,-.13319793E-01
-14934.799,-.59370797E-02,.29177587E-02
-14934.867,-.44824912E-01,-.24880640E-01
-14935.767,.16137480E-01,.24642702E-02
-14934.945,.80648078E-02,.33405551E-02
-14934.197,-.67982901E-02,-.24404779E-02
-14934.847,-.41168284E-01,-.17550846E-01
-14934.100,-.23943596E-01,-.17814446E-01
-14934.070,-.25620033E-01,-.11159001E-01
-14934.337,-.18243923E-01,-.45155788E-02
-14934.722,.42508551E-02,.25413651E-02
-14934.520,-.21234118E-01,-.19903973E-01
-14934.803,-.62746436E-02,.28494149E-02
-14934.961,-.29298734E-02,.46249689E-02
-14934.797,.72675303E-03,-.69385333E-02
-14934.202,-.31808098E-01,-.20541632E-01
-14934.301,-.20425860E-01,-.58593074E-02
-14934.180,-.55270198E-02,-.32378586E-02
-14934.853,.44876740E-02,-.34598709E-02
-14934.308,-.16650982E-01,-.16165405E-01
-14934.269,-.29716500E-02,-.33673370E-02
-14935.283,-.45427244E-01,-.30315487E-01
-14934.770,-.13293548E-01,-.17031958E-01
-14934.005,-.21956847E-01,-.95875245E-02
-14934.008,-.22259306E-01,-.16054899E-01
-14934.365,-.10950912E-02,-.30532580E-02
-14934.368,-.37369500E-01,-.20946438E-01
-14934.740,-.13548798E-01,-.24146295E-04
-14934.302,-.13184027E-01,-.26741582E-02
-14935.106,-.46784327E-01,-.22390122E-01
-14934.285,-.25673326E-01,-.90217338E-02
-14934.292,-.10523245E-01,-.12140457E-01
-14934.884,.70229863E-02,.33150184E-02
-14936.277,.22360620E-01,.73648138E-02
-14937.855,-.64208174E-03,.15588341E-01
-14935.453,.45072613E-02,.87523311E-02
-14934.059,-.28931429E-01,-.14296229E-01
-14933.986,-.26524281E-01,-.13462197E-01
-14935.453,.82661090E-02,-.43843922E-02
-14933.975,-.27064444E-01,-.15932724E-01
-14933.975,-.27064444E-01,-.15932724E-01
-14935.119,-.47166502E-01,-.27765641E-01
-14934.180,-.82406434E-02,-.91002042E-02
-14934.365,-.37038448E-01,-.19017604E-01
-14934.990,-.80012578E-02,-.14823939E-01
-14934.500,-.11189235E-01,-.14161492E-01
-14933.970,-.11936032E-01,-.81704844E-02
-14934.466,-.38097242E-01,-.18459843E-01
-14934.931,.62349371E-02,-.21046500E-02
-14934.025,-.15973458E-01,-.64540092E-02
-14935.574,-.48092198E-01,-.19471163E-01
-14934.235,-.29537769E-01,-.20784289E-01
-14935.796,-.53860980E-01,-.25909165E-01
-14934.339,-.34080030E-01,-.22309613E-01
-14937.244,-.17448113E-01,.69756061E-02
-14934.102,-.30237873E-01,-.14856535E-01
-14933.999,-.15316395E-01,-.66209944E-02
-14934.108,-.27800061E-01,-.18957543E-01
-14934.862,.47577909E-02,.43822224E-02
-14935.816,.15659979E-01,.10735583E-01
-14934.553,-.15127401E-01,-.17284330E-02
-14935.305,-.46869877E-01,-.20173396E-01
-14934.382,-.27326473E-02,-.61667408E-02
-14934.355,-.74074287E-02,-.10324971E-01
-14934.272,-.74324134E-02,-.95133188E-02
-14936.318,-.38485523E-02,-.17321990E-01
-14934.347,-.19401107E-01,-.17903171E-01
-14934.441,-.48879326E-03,.95802119E-04
-14936.927,.28326959E-01,.11386812E-01
-14934.362,-.14774539E-01,-.28253015E-02
-14936.509,-.47857075E-01,-.14360343E-01
-14934.851,-.34537634E-01,-.26572408E-01
-14934.190,-.32283736E-01,-.20262120E-01
-14934.190,-.32283736E-01,-.20262120E-01
-14934.120,-.20807536E-01,-.16734461E-01
-14933.964,-.24689529E-01,-.12242928E-01
-14935.408,.12055654E-01,.40935774E-03
-14935.274,-.48294188E-01,-.22609277E-01
-14934.516,-.32491892E-01,-.23867669E-01
-14934.193,-.23958899E-01,-.18748674E-01
-14934.033,-.25930568E-01,-.11944335E-01
-14934.033,-.25930568E-01,-.11944335E-01
-14934.817,-.94551949E-02,-.14890355E-01
-14934.098,-.24135522E-01,-.97968557E-02
-14934.262,-.28081879E-01,-.10876383E-01
-14935.160,-.39521573E-01,-.13689340E-01
-14933.949,-.13313791E-01,-.93029953E-02
-14934.138,-.31007281E-01,-.15035018E-01
-14935.736,.16984330E-01,.87250306E-02
-14934.901,-.39384478E-01,-.15264418E-01
-14935.758,-.32511724E-01,-.58447614E-02
-14934.792,-.37874383E-01,-.14665736E-01
-14934.578,-.39061252E-01,-.18037168E-01
-14935.028,-.46312785E-01,-.26972710E-01
-14934.615,-.97130053E-02,.67882437E-03
-14934.063,-.30303207E-01,-.17455223E-01
-14934.063,-.30303207E-01,-.17455223E-01
-14934.214,-.25058315E-01,-.92341020E-02
-14934.677,-.10920048E-02,-.76496669E-02
-14934.256,-.69897202E-02,-.16118465E-02
-14935.148,-.45932283E-01,-.28979059E-01
-14935.322,-.12719632E-01,.30023231E-02
-14935.542,-.19343931E-01,-.23616864E-01
-14934.535,-.16975535E-01,-.26467553E-02
-14934.051,-.87095417E-02,-.63551932E-02
-14934.624,-.20873586E-01,-.20331423E-01
-14934.948,.82999040E-02,.24084713E-02
-14934.144,-.32533936E-01,-.17373253E-01
-14935.188,-.19015454E-01,-.40483524E-03
-14935.332,.53074886E-02,.81496151E-02
-14935.252,.12135556E-01,.41602391E-02
-14937.710,-.36490021E-01,-.37494153E-01
-14937.890,-.43628329E-01,-.40389623E-01
-14934.652,-.58200020E-03,-.69511672E-02
-14934.747,.52429685E-02,-.32738732E-03
-14934.537,-.38995545E-01,-.18582288E-01
-14934.572,-.12188697E-01,-.44685540E-03
-14934.240,-.92515490E-02,-.21105240E-02
-14935.940,.12130154E-01,-.35562748E-02
-14934.032,-.21890378E-01,-.91827276E-02
-14934.297,-.33457969E-01,-.21792160E-01
-14933.958,-.21146275E-01,-.98713127E-02
-14933.958,-.21146275E-01,-.98713127E-02
-14934.371,-.42032942E-02,-.13725045E-03
-14936.373,-.10343999E-01,-.21467495E-01
-14934.044,-.28424475E-01,-.17888336E-01
-14935.077,-.79952749E-02,.37381962E-02
-14934.358,-.59474735E-02,-.91169286E-02
-14934.458,-.49721013E-02,-.92268853E-02
-14934.765,.42855199E-02,-.25876843E-02
-14934.308,-.25822542E-01,-.20398068E-01
-14937.680,-.90944634E-02,-.24303181E-01
-14934.522,-.10258525E-01,-.13690297E-01
-14935.749,-.10115593E-01,-.19279926E-01
-14934.976,-.27416870E-01,-.24950489E-01
-14934.134,-.32346733E-01,-.18429605E-01
-14934.032,-.28973485E-01,-.15169196E-01
-14934.527,-.72359194E-02,-.11585579E-01
-14934.787,-.42315407E-01,-.26129141E-01
-14935.101,-.29317397E-01,-.65339521E-02
-14935.974,.88389305E-02,-.67285771E-02
-14934.430,-.28985366E-01,-.10140954E-01
-14934.430,-.28985366E-01,-.10140954E-01
-14933.998,-.11857669E-01,-.93048306E-02
-14936.823,-.62029059E-01,-.35798844E-01
-14934.193,-.31614445E-01,-.20411513E-01
-14938.153,.32564066E-01,.22212274E-01
-14937.531,.20103808E-01,-.34094439E-02
-14935.237,-.46561291E-01,-.20409155E-01
-14934.498,-.13526513E-01,-.15624513E-01
-14934.753,.53066524E-02,.20705399E-02
-14934.325,-.34873937E-01,-.21990672E-01
-14934.159,-.71391979E-02,-.30736928E-02
-14934.463,-.38984429E-01,-.21949950E-01
-14933.945,-.25380523E-01,-.13604903E-01
-14934.491,-.96162852E-02,-.10509143E-03
-14933.900,-.22498853E-01,-.12945712E-01
-14934.584,-.67996460E-04,-.57372808E-02
-14935.025,.64858621E-02,-.28647849E-02
-14934.639,-.23729194E-01,-.21714094E-01
-14936.497,.24733171E-01,.10511318E-01
-14933.934,-.25105991E-01,-.14612514E-01
-14934.196,-.13577025E-01,-.37230368E-02
-14935.649,-.45865222E-01,-.16652267E-01
-14935.848,-.35379631E-01,-.74052277E-02
-14934.073,-.13995851E-01,-.12361310E-01
-14934.854,-.28863085E-01,-.74574898E-02
-14934.598,-.56749634E-04,-.58733895E-02
-14935.827,-.11073442E-01,-.20117394E-01
-14934.969,-.29925890E-01,-.25850641E-01
-14933.966,-.21302336E-01,-.98183216E-02
-14934.480,-.25012291E-02,-.71428024E-02
-14936.488,.16563878E-01,-.21680440E-02
-14935.857,-.21580489E-01,.81381768E-03
-14934.393,-.26065049E-02,.36254493E-05
-14934.393,-.26065049E-02,.36254493E-05
-14934.274,-.34158583E-02,-.19948323E-02
-14934.491,-.38204478E-01,-.18175244E-01
-14935.840,-.31575975E-01,-.30065820E-01
-14935.413,-.31126553E-01,-.63190389E-02
-14935.825,.17533867E-01,.41735566E-02
-14934.119,-.30867764E-01,-.19132064E-01
-14934.137,-.31376700E-01,-.15515569E-01
-14934.588,-.40165109E-01,-.19550951E-01
-14937.430,.25108074E-01,.18372260E-02
-14934.789,-.10565209E-01,.13826447E-02
-14934.022,-.24011429E-01,-.16855963E-01
-14935.389,.15102756E-02,.78889307E-02
-14934.739,-.73538743E-02,.21630582E-02
-14934.529,-.16154374E-01,-.23194437E-02
-14934.431,-.62264358E-02,.26757986E-03
-14935.517,-.33165047E-01,-.29399884E-01
-14934.920,-.33323920E-01,-.10156879E-01
-14935.949,-.17257489E-01,.32665338E-02
-14934.039,-.20745632E-01,-.15824874E-01
-14934.128,-.15292827E-01,-.13830301E-01
-14934.206,-.45934996E-02,-.32633497E-02
-14935.197,-.48687887E-01,-.25319812E-01
-14934.860,.60983242E-02,.37458314E-02
-14934.449,-.73955597E-03,.36287637E-03
-14934.887,.73731492E-02,.26815878E-02
-14934.275,-.34644974E-01,-.21140810E-01
-14935.665,-.27287747E-01,-.27735448E-01
-14934.530,.50012233E-03,.12367426E-02
-14935.503,.14651342E-01,.37979829E-02
-14934.278,-.25292762E-01,-.88347868E-02
-14935.967,.60744449E-02,-.89796308E-02
-14933.904,-.19747095E-01,-.12908452E-01
-14934.003,-.27212727E-01,-.13743347E-01
-14934.470,-.37448463E-01,-.23513332E-01
-14934.539,-.18374686E-02,.17006035E-02
-14936.142,-.24099089E-01,-.27941818E-01
-14935.304,-.26345853E-01,-.25952277E-01
-14935.024,-.46113651E-01,-.22509640E-01
-14934.372,-.21908463E-01,-.19274797E-01
-14935.100,.22660601E-02,-.76924132E-02
-14935.018,-.38125573E-01,-.28270532E-01
-14937.510,-.66554199E-01,-.31715710E-01
-14934.320,-.24028225E-02,-.15142375E-02
-14935.923,.58592005E-04,.98634460E-02
-14934.678,-.26447472E-01,-.68910380E-02
-14934.198,-.32304710E-01,-.20405244E-01
-14933.916,-.23328815E-01,-.12590401E-01
-14934.674,-.37296711E-01,-.15072339E-01
-14934.371,-.61008041E-02,-.26964721E-03
-14934.255,-.71470007E-02,-.16363097E-02
-14933.918,-.23881201E-01,-.13127864E-01
-14933.980,-.21515939E-01,-.15334926E-01
-14934.474,-.16613046E-01,-.17264974E-01
-14935.116,.10066069E-01,.49124887E-02
-14934.990,-.34957895E-01,-.10984095E-01
-14935.513,-.34878516E-01,-.84079206E-02
-14935.466,-.16603894E-01,.18560761E-02
-14935.908,-.51858362E-01,-.21555890E-01
-14934.055,-.25751173E-01,-.17806848E-01
-14934.051,-.88305116E-02,-.56392368E-02
-14934.773,-.28078982E-01,-.73838360E-02
-14934.718,-.26724600E-01,-.23377285E-01
-14934.437,-.38380329E-01,-.22112014E-01
-14934.317,-.32363266E-01,-.13848967E-01
-14934.127,-.29606903E-01,-.13711127E-01
-14935.553,.15195865E-01,.40376331E-02
-14935.847,-.22955546E-01,-.26444793E-01
-14935.339,.12357390E-01,.68239340E-02
-14935.526,-.17924846E-01,.14587589E-02
-14934.531,-.16112840E-01,-.22857120E-02
-14933.913,-.16245649E-01,-.10935028E-01
-14933.913,-.16245649E-01,-.10935028E-01
-14933.913,-.16245649E-01,-.10935028E-01
-14933.913,-.16245649E-01,-.10935028E-01
-14933.930,-.24731197E-01,-.14664356E-01
-14935.129,-.78349321E-02,.40388014E-02
-14934.143,-.67265366E-02,-.66837939E-02
-14934.757,-.37735247E-01,-.14806179E-01
-14935.202,.78659689E-03,-.95211788E-02
-14936.603,.22094440E-01,.15115058E-01
-14938.475,.18233805E-01,-.80193751E-02
-14936.239,.15924152E-02,-.13394667E-01
-14935.041,-.46882322E-01,-.24237920E-01
-14933.948,-.13220817E-01,-.90677713E-02
-14933.959,-.20123834E-01,-.92705682E-02
-14935.093,-.21533831E-01,-.22914065E-01
-14934.387,-.17963646E-01,-.40407831E-02
-14934.607,-.11896160E-01,-.15278462E-01
-14934.323,-.35508992E-01,-.21715411E-01
-14933.893,-.20304808E-01,-.11219096E-01
-14935.118,-.41869425E-01,-.16099596E-01
-14935.459,-.49995898E-01,-.23103437E-01
-14936.834,.25631989E-01,.15484068E-01
-14934.401,-.69731576E-02,-.13067102E-03
-14934.910,-.40286576E-01,-.27728667E-01
-14935.522,.10416032E-01,.94390287E-02
-14933.938,-.24774255E-01,-.13150803E-01
-14934.651,-.16543842E-01,-.18255160E-01
-14935.441,.13743258E-01,.29036839E-02
-14934.400,-.31440626E-03,-.18490064E-02
-14933.921,-.24327257E-01,-.13735551E-01
-14934.292,-.26187602E-02,-.38867565E-02
-14934.487,-.18502379E-01,-.18355754E-01
-14934.852,-.11972262E-01,.11821682E-02
-14935.013,-.29313771E-01,-.25844937E-01
-14938.269,-.64317344E-01,-.23286962E-01
-14934.308,-.25468546E-01,-.87074276E-02
-14934.375,-.37428195E-01,-.19690913E-01
-14934.375,-.24491319E-01,-.76072041E-02
-14933.894,-.19938007E-01,-.12548008E-01
-14934.811,-.63481392E-02,-.12750238E-01
-14934.978,-.28557427E-01,-.66363115E-02
-14933.902,-.21856198E-01,-.11864907E-01
-14935.834,.91731449E-02,-.57424587E-02
-14935.834,.91731449E-02,-.57424587E-02
-14934.719,-.13910744E-01,-.17128406E-01
-14934.564,-.19149046E-01,-.19140449E-01
-14935.758,.16966449E-01,.91727078E-02
-14933.990,-.24470499E-01,-.16468983E-01
-14936.556,.98279965E-02,.14642636E-01
-14934.059,-.15822605E-01,-.13398149E-01
-14934.672,-.79334351E-02,.15863155E-02
-14933.922,-.14730428E-01,-.85619831E-02
-14934.031,-.21790586E-01,-.91399888E-02
-14934.259,-.35275946E-01,-.19550748E-01
-14933.955,-.25573375E-01,-.15671619E-01
-14934.952,-.58440320E-03,.50435999E-02
-14934.433,-.83967506E-02,-.11745094E-01
-14934.864,-.21522988E-01,-.31328232E-02
-14935.326,-.16390397E-01,.14068625E-02
-14933.922,-.21014493E-01,-.10552605E-01
-14933.893,-.18469127E-01,-.11702323E-01
-14933.893,-.18469127E-01,-.11702323E-01
-14933.901,-.16232478E-01,-.98819530E-02
-14935.072,-.47363340E-01,-.25668366E-01
-14935.128,-.30753496E-01,-.26893093E-01
-14935.448,-.41316286E-01,-.31172497E-01
-14933.975,-.16984100E-01,-.12931335E-01
-14935.560,-.27694913E-01,-.36240760E-02
-14934.290,-.26808890E-02,-.39691183E-02
-14935.867,-.55009297E-01,-.27683887E-01
-14934.122,-.20257209E-01,-.72858621E-02
-14933.970,-.24487865E-01,-.16078833E-01
-14933.979,-.24271085E-01,-.16213850E-01
-14934.267,-.19423270E-01,-.17329709E-01
-14935.235,-.53096889E-02,-.14177611E-01
-14934.823,-.30063848E-01,-.25142240E-01
-14935.306,-.28625838E-01,-.52020994E-02
-14934.030,-.17217794E-01,-.13878555E-01
-14934.726,.25988459E-02,-.42954961E-02
-14934.306,-.25015183E-01,-.84375927E-02
-14934.250,-.33451909E-01,-.21072252E-01
-14934.636,-.49681870E-02,.21134834E-02
-14934.746,.51367471E-02,.21248195E-02
-14934.746,.51367471E-02,.21248195E-02
-14934.094,-.13936135E-01,-.12575666E-01
-14934.212,-.32405763E-01,-.15296753E-01
-14937.024,.17475195E-01,-.37558662E-02
-14937.270,-.57372104E-01,-.20122134E-01
-14935.548,-.37492159E-01,-.30832874E-01
-14934.654,-.19613919E-01,-.32332165E-02
-14934.069,-.21254961E-01,-.16401342E-01
-14935.480,-.40236252E-01,-.12570803E-01
-14934.413,-.26287935E-01,-.84522780E-02
-14934.238,-.29430588E-01,-.12157008E-01
-14934.010,-.28639330E-01,-.15928586E-01
-14934.543,-.33479361E-03,.16347520E-02
-14936.695,.11716141E-01,-.73809949E-02
-14934.980,-.33962298E-02,-.11543451E-01
-14935.129,.10202214E-01,.50525638E-02
-14934.647,-.24761409E-02,.26155852E-02
-14934.674,-.35647247E-01,-.25593448E-01
-14936.222,.19771067E-01,.12829340E-01
-14934.291,-.13710658E-01,-.14280270E-01
-14934.542,-.39590161E-01,-.23657245E-01
-14935.308,-.18491687E-01,.34270323E-03
-14934.123,-.31130682E-01,-.15513380E-01
-14937.029,-.21555484E-02,-.18392571E-01
-14935.173,-.42391702E-01,-.16233201E-01
-14935.120,-.43161232E-01,-.29268897E-01
-14935.001,-.23577043E-01,-.35980671E-02
-14936.517,.20417276E-01,.14930620E-01
-14934.095,-.73994632E-02,-.50822463E-02
-14934.321,-.31640479E-01,-.13150891E-01
-14934.391,-.33943092E-01,-.22926070E-01
-14934.621,-.15822042E-01,-.16343053E-02
-14934.090,-.16115590E-01,-.57120503E-02
-14935.127,-.85743877E-02,-.15841373E-01
-14936.908,-.25704577E-01,-.30925066E-01
-14934.903,-.14543982E-01,-.18414393E-01
-14934.315,-.30064798E-01,-.21680472E-01
-14935.843,-.29987495E-01,-.29470732E-01
-14934.447,-.38713713E-01,-.21836364E-01
-14934.780,.47743829E-02,-.20709681E-02
-14934.270,-.35515248E-01,-.19760982E-01
-14933.939,-.16616967E-01,-.81470769E-02
-14935.371,-.36835266E-01,-.10448333E-01
-14935.569,-.95101245E-02,.52708218E-02
-14935.292,-.10975628E-02,-.11444141E-01
-14934.005,-.10517884E-01,-.64214126E-02
-14936.650,.65968860E-02,.14280235E-01
-14934.468,-.31736215E-01,-.23332046E-01
-14934.597,-.39791314E-01,-.24534311E-01
-14934.368,-.63982740E-02,-.96115093E-02
-14939.221,.43023060E-01,.24513526E-01
-14935.018,.90291712E-02,.15295354E-02
-14934.391,-.37824536E-01,-.20490333E-01
-14934.465,.68420159E-03,-.24838060E-02
-14934.917,-.42703069E-01,-.18671411E-01
-14934.141,-.27290218E-01,-.11536801E-01
-14934.395,-.16502410E-01,-.33207148E-02
-14934.057,-.25750121E-01,-.17843256E-01
-14933.984,-.16976054E-01,-.13075499E-01
-14933.984,-.16976054E-01,-.13075499E-01
-14934.526,-.45387520E-03,.14418107E-02
-14934.255,-.34839674E-01,-.20450357E-01
-14936.041,-.34648886E-01,-.62022847E-02
-14938.937,-.66009869E-01,-.22446381E-01
-14934.907,-.81653032E-02,.28375635E-02
-14934.672,-.27937123E-01,-.23571939E-01
-14934.122,-.28145208E-01,-.19201036E-01
-14936.060,-.55077134E-01,-.33726477E-01
-14935.763,-.38800260E-01,-.32088803E-01
-14935.335,-.44089499E-01,-.30762360E-01
-14936.621,.22500290E-01,.36664171E-02
-14935.313,.59306821E-02,-.57226043E-02
-14934.505,-.32376596E-01,-.23759253E-01
-14935.196,-.14195245E-01,.18539888E-02
-14936.227,.21189094E-01,.11953802E-01
-14934.643,-.82667443E-02,.13061861E-02
-14933.910,-.23521760E-01,-.13554943E-01
-14933.910,-.23521760E-01,-.13554943E-01
-14934.906,-.28812966E-01,-.25137062E-01
-14934.180,-.51278146E-02,-.38468021E-02
-14934.228,-.30518480E-01,-.13193176E-01
-14934.051,-.30040305E-01,-.16559987E-01
-14934.768,-.42889014E-01,-.21008017E-01
-14935.462,-.48017416E-01,-.20246424E-01
-14934.605,-.41225150E-01,-.23086805E-01
-14934.605,-.41225150E-01,-.23086805E-01
-14936.411,-.59010373E-01,-.34142784E-01
-14935.331,-.27008909E-01,-.41256260E-02
-14934.059,-.25863382E-01,-.11501493E-01
-14935.256,-.49005682E-01,-.24455505E-01
-14935.261,.10839433E-01,.68107507E-02
-14934.483,-.16652910E-01,-.17343594E-01
-14934.037,-.26304861E-01,-.12183732E-01
-14935.758,-.54159859E-01,-.27720514E-01
-14934.000,-.21401787E-01,-.15594382E-01
-14934.315,-.13784521E-01,-.14516125E-01
-14935.720,-.20027966E-01,-.24596974E-01
-14935.814,-.37627319E-02,.82664367E-02
-14935.167,-.24785726E-01,-.35351054E-02
-14935.751,-.53394045E-01,-.25578450E-01
-14935.339,-.47917907E-01,-.21252486E-01
-14934.543,-.92987100E-02,-.13171819E-01
-14934.015,-.18453993E-01,-.14373783E-01
-14935.036,-.17757594E-01,-.20779484E-01
-14934.260,-.27446940E-01,-.20525024E-01
-14934.794,.58957451E-02,.23987536E-02
-14934.205,-.48768096E-02,-.54927158E-02
-14935.799,.17461005E-01,.44615178E-02
-14934.230,-.14661516E-01,-.38043922E-02
-14934.475,-.21407371E-02,-.67228354E-02
-14933.935,-.21926635E-01,-.10836258E-01
-14934.444,-.16559320E-01,-.17044672E-01
-14934.094,-.20547353E-01,-.77238845E-02
-14935.809,.17917600E-01,.54412674E-02
-14935.637,-.46139649E-01,-.16993484E-01
-14935.747,-.51759149E-01,-.32518459E-01
-14934.993,-.17711013E-01,-.20562738E-01
-14934.999,-.11843759E-01,.19485188E-02
-14934.156,-.57223685E-02,-.41620173E-02
-14934.739,-.62007297E-02,.24877659E-02
-14934.831,-.75864201E-02,-.13722229E-01
-14934.745,.51328665E-03,-.67102334E-02
-14934.599,-.26579559E-01,-.74324271E-02
-14934.484,-.32444979E-01,-.12354757E-01
-14934.430,-.11969793E-02,-.49858067E-02
-14935.370,-.50143547E-01,-.24876137E-01
-14934.673,-.40909122E-01,-.25156477E-01
-14934.477,-.38864770E-01,-.22754383E-01
-14934.694,-.85308165E-02,.15387816E-02
-14934.461,.37320315E-03,-.11176514E-03
-14934.131,-.23126011E-01,-.17832916E-01
-14935.520,-.64744171E-02,.61962105E-02
-14934.752,-.10298756E-01,.12772772E-02
-14936.706,-.13383131E-01,-.24164264E-01
-14934.148,-.60921497E-02,-.57173816E-02
-14934.617,-.38681269E-01,-.25119770E-01
-14934.295,-.34225675E-01,-.16085085E-01
-14935.768,.16398914E-01,.28778036E-02
-14934.784,-.19757492E-01,-.20622551E-01
-14935.500,.60363245E-02,-.67446908E-02
-14934.261,-.24743932E-01,-.86299923E-02
-14934.703,-.37945322E-01,-.15449660E-01
-14937.575,-.87799093E-02,.11709793E-01
-14936.617,-.56627617E-01,-.22701552E-01
-14934.694,-.39121008E-01,-.16760885E-01
-14937.970,-.58055631E-01,-.17989609E-01
-14937.631,-.58835982E-01,-.20078848E-01
-14934.175,-.75809142E-02,-.83714598E-02
-14934.175,-.75809142E-02,-.83714598E-02
-14934.025,-.16033831E-01,-.13091175E-01
-14934.130,-.11657769E-01,-.38484317E-02
-14934.514,.82739462E-03,-.35402434E-02
-14934.759,-.67788805E-02,.24496995E-02
-14934.697,-.41012979E-01,-.25467064E-01
-14936.257,-.53176542E-01,-.35888168E-01
-14935.111,.10082149E-01,.47548867E-02
-14934.248,-.31753602E-01,-.14093837E-01
-14934.294,-.75967243E-02,-.12527725E-02
-14936.117,-.57130895E-01,-.28690163E-01
-14933.930,-.24291115E-01,-.14871630E-01
-14935.039,.83179175E-02,.51748052E-02
-14934.487,-.39239808E-01,-.20242685E-01
-14934.149,-.15136441E-01,-.47296706E-02
-14934.612,.29168282E-02,.12764458E-02
-14933.898,-.16650859E-01,-.99987243E-02
-14934.009,-.17862122E-01,-.74279651E-02
-14934.051,-.29414219E-01,-.15164486E-01
-14934.664,-.33401121E-01,-.11777517E-01
-14934.099,-.31462420E-01,-.17728255E-01
-14934.694,-.15996720E-01,-.18184773E-01
-14936.082,-.56735909E-01,-.32084317E-01
-14935.617,-.22470824E-01,-.25414432E-01
-14934.667,.25164727E-02,-.36441419E-02
-14935.667,.15221431E-01,.93627657E-02
-14935.044,-.46597898E-01,-.26925696E-01
-14935.842,-.63745042E-02,-.17310770E-01
-14934.266,-.14255011E-01,-.33553249E-02
-14934.447,-.29530394E-01,-.22627239E-01
-14934.044,-.17349402E-01,-.14135365E-01
-14933.969,-.26830950E-01,-.15766914E-01
-14934.125,-.13211525E-01,-.12420524E-01
-14934.093,-.12290749E-01,-.44571519E-02
-14933.991,-.26560674E-01,-.13354528E-01
-14934.341,-.11831041E-01,-.19032330E-02
-14934.341,-.11831041E-01,-.19032330E-02
-14934.213,-.23864635E-01,-.84965034E-02
-14934.399,-.37297467E-01,-.22266002E-01
-14934.226,-.40714595E-02,-.31006900E-02
-14935.135,-.34566895E-02,-.12402582E-01
-14936.928,.11161035E-01,.16289158E-01
-14935.226,.75007820E-02,.74219688E-02
-14935.377,-.45130765E-01,-.31026505E-01
-14934.035,-.20530444E-01,-.15675315E-01
-14937.634,-.26312760E-01,.34285755E-02
-14934.694,-.26822034E-01,-.23280580E-01
-14933.958,-.12407848E-01,-.81110816E-02
-14933.930,-.19859782E-01,-.97189104E-02
-14934.361,-.32389580E-01,-.13408984E-01
-14936.025,-.52910261E-01,-.22026382E-01
-14934.448,-.38604721E-01,-.19987564E-01
-14934.179,-.12514176E-01,-.12506446E-01
-14935.524,-.43027618E-02,.69393036E-02
-14934.780,-.43113416E-01,-.21219579E-01
-14935.415,.25675553E-02,.82276657E-02
-14934.524,-.29530404E-01,-.23177508E-01
-14935.218,-.36858034E-01,-.11219470E-01
-14936.242,.98487091E-02,.13354777E-01
-14934.894,.75549114E-02,.16280419E-02
-14934.119,-.14145769E-01,-.12997704E-01
-14933.893,-.21021212E-01,-.11742763E-01
-14935.103,-.42262100E-01,-.29174998E-01
-14934.085,-.25229825E-01,-.10689338E-01
-14934.085,-.25229825E-01,-.10689338E-01
-14934.262,-.28873494E-01,-.11478867E-01
-14934.896,.40578871E-02,.48706306E-02
-14934.151,-.25169020E-01,-.18777719E-01
-14934.857,.36242113E-02,.45418215E-02
-14934.387,-.37751013E-01,-.20388353E-01
-14934.318,-.13957912E-01,-.28342323E-02
-14935.373,-.12707727E-01,-.19391004E-01
-14933.899,-.21351067E-01,-.11586266E-01
-14934.664,.41599160E-02,-.20940633E-03
-14934.092,-.30877137E-01,-.18335357E-01
-14934.301,-.36072858E-01,-.19222504E-01
-14936.450,.56528752E-02,.13329690E-01
-14933.908,-.19388102E-01,-.10061486E-01
-14934.965,-.38174532E-02,.44301612E-02
-14935.313,-.53374283E-02,-.14544536E-01
-14935.273,.11319364E-01,.10357938E-02
-14934.157,-.68266216E-02,-.71763790E-02
-14935.571,-.49191355E-01,-.31891607E-01
-14934.966,.84330506E-02,.15753144E-02
-14934.069,-.10025447E-01,-.90162283E-02
-14934.721,-.39150588E-01,-.16521428E-01
-14934.027,-.10740401E-01,-.88284436E-02
-14934.575,-.50811959E-02,.16438959E-02
-14934.071,-.91926847E-02,-.46044573E-02
-14935.403,-.47640488E-03,.75032930E-02
-14934.394,-.31712741E-02,-.68340898E-02
-14934.394,-.31712741E-02,-.68340898E-02
-14935.480,-.66411903E-02,-.16105746E-01
-14934.377,-.12154481E-01,-.13940870E-01
-14934.870,-.23668565E-01,-.22882513E-01
-14935.119,-.25603659E-01,-.24860226E-01
-14934.471,-.38945811E-01,-.20025913E-01
-14934.005,-.28141357E-01,-.16708312E-01
-14934.251,-.96762987E-02,-.20877476E-02
-14934.320,-.95138544E-02,-.11652282E-01
-14934.642,-.37900001E-02,.23837192E-02
-14935.129,.60870198E-02,-.42547157E-02
-14936.286,-.58018539E-01,-.33646432E-01
-14934.955,-.36606290E-01,-.27629584E-01
-14934.730,-.13943249E-01,-.17201751E-01
-14934.384,-.37674460E-01,-.20195303E-01
-14934.502,-.27955672E-01,-.89272123E-02
-14933.995,-.27946858E-01,-.15155086E-01
-14934.030,-.18623216E-01,-.14667172E-01
-14936.341,-.54233039E-01,-.21509554E-01
-14934.337,-.94047655E-02,-.11717946E-01
-14934.642,-.44978741E-02,-.10296717E-01
-14934.704,-.40302752E-01,-.18031346E-01
-14934.367,-.36185080E-01,-.22271538E-01
-14934.445,.30821397E-03,-.59846549E-03
-14935.137,-.44671243E-01,-.18963036E-01
-14934.322,-.18919383E-02,-.23285641E-02
-14935.016,-.36950508E-01,-.12392617E-01
-14933.977,-.11801274E-01,-.69317050E-02
-14934.147,-.18127228E-01,-.60056404E-02
-14934.355,-.17919193E-01,-.42412512E-02
-14933.939,-.25090646E-01,-.13552827E-01
-14935.257,-.46028420E-01,-.19548520E-01
-14934.013,-.16964292E-01,-.13506173E-01
-14934.890,.47779343E-02,-.35077581E-02
-14934.304,-.75671570E-02,-.99645839E-02
-14934.732,-.42521350E-01,-.21032209E-01
-14934.782,-.44491864E-02,-.11181248E-01
-14937.108,.85745942E-02,.16318452E-01
-14938.443,-.72254174E-01,-.41024336E-01
-14935.639,-.39742458E-01,-.31786717E-01
-14934.203,-.33593349E-01,-.19944611E-01
-14934.836,-.44086550E-01,-.22096006E-01
-14934.394,-.49535589E-03,-.14348750E-02
-14935.217,.85752956E-02,-.22161038E-02
-14935.246,-.37235163E-02,-.13128981E-01
-14934.643,-.33209795E-01,-.24940707E-01
-14934.251,-.25337183E-01,-.90891351E-02
-14934.343,-.18842386E-02,-.41424316E-02
-14935.399,-.39804477E-01,-.12626675E-01
-14934.266,-.30590336E-01,-.12823223E-01
-14935.297,-.11822452E-01,.32718078E-02
-14933.967,-.22652561E-01,-.10649508E-01
-14936.680,-.17147416E-01,.55732089E-02
-14934.097,-.11954805E-01,-.43295682E-02
-14934.110,-.31280921E-01,-.18678130E-01
-14934.110,-.31280921E-01,-.18678130E-01
-14936.925,-.38998922E-01,-.62033274E-02
-14934.234,-.39156079E-02,-.29320062E-02
-14934.000,-.26455453E-01,-.16950515E-01
-14934.000,-.26455453E-01,-.16950515E-01
-14935.365,.12843958E-01,.67624182E-02
-14935.942,-.49935983E-01,-.34348194E-01
-14934.674,.39555690E-02,-.13530681E-02
-14933.942,-.13714765E-01,-.94585020E-02
-14933.916,-.22614898E-01,-.14248433E-01
-14933.916,-.22614898E-01,-.14248433E-01
-14934.166,-.32682692E-01,-.16712145E-01
-14934.064,-.26598990E-01,-.18115818E-01
-14935.871,.13050310E-01,-.22175938E-02
-14934.239,-.29375621E-01,-.20798881E-01
-14934.438,-.29340277E-02,-.71200280E-02
-14933.928,-.23879616E-01,-.14794363E-01
-14934.945,-.35333051E-01,-.27300521E-01
-14935.126,-.31818523E-02,-.12158678E-01
-14934.323,-.27605843E-01,-.21104292E-01
