0.494454735903815
3.93626214350037
2.63376303589517
2.44461185019353
0.224406973198843
0.498152034883240
1.57950707937711
1.02143764679043
2.57913257776042
10.4557877672117
2.48925713138327
0.853474785908110
0.977447652840537
0.152259763901845
0.249058083672367
0.228337012846257
5.04722451749194
1.20303537455788
3.39092750531267
0.00772097230504162
1.92993179101011
7.87173555165953
0.165077313337362
1.62069149238527
6.79735830614648
0.220798895139476
0.188299927862007
4.89899559519124
2.30913595357995
0.562800377596420
3.44658291229804
9.43555360168828
5.81656693403153
2.24752641154661
1.65892315612755
0.724923212203296
4.73482379852875
1.02179039616803
4.67806942852489
1.27470816798596
1.57837504445869
5.50014707316490
0.353826625011529
2.09799068086066
5.89722400724789
0.919948509049840
0.0786410432888745
1.84637970215141
5.41245637073246
0.699993124721502
2.81021898527591
1.68676050640468
0.247006317812130
0.660501050417313
1.30277856024841
1.08397765433038
1.77794391987600
0.763835372302895
1.55385273459618
0.310276384180030
2.00514029874609
3.12940504396483
4.91476232091666
0.0410474120715403
0.476542787904835
2.18261900322005
3.72917509504341
0.431962887859806
1.30729409484396
3.77198035462449
0.358822791625596
2.64178269703044
2.05152539565748
0.114814124141199
6.94712628285463
9.54539106251840
1.96419353465955
0.206356565060891
2.03076328897774
0.0992767313710766
0.248026008045898
3.33026227355395
2.89475178321757
4.58884064758189
0.892862827858975
2.46206429332804
6.20071501216023
0.322438064763369
0.816604081780558
0.985927840869266
1.25626835490542
1.14245173258646
1.12922241498500
0.808314985810366
3.76247973443396
0.492155952952721
1.13324796302595
2.04483207966912
2.27821155608436
0.292424459655911
0.260920929766730
2.07253932735826
3.27519532696366
1.29883924397461
1.70966822006867
0.573481722071250
1.37541085259374
2.15301792935397
0.274392030778594
0.753567421793710
3.96728261646120
1.10388073984711
0.0679454833186714
2.32636070312027
1.12510802891724
3.72972982863730
0.723347973370162
5.72671666505485
3.96694036220998
7.26610009738610
0.742286743146300
0.134448182105058
1.58214853831789
1.97140551580078
0.401401762046766
1.28019634895810
0.0375835265112385
3.78012438438249
0.524264986270004
0.268842204741170
3.56627000967244
0.0909427684742920
0.623961919648998
0.106946783288178
4.54027688186849
0.269146101247805
0.678428062087894
4.75661986052494
0.619697455260484
1.48146315254777
1.00695674473911
1.36039035881275
1.20145615996023
0.0459144941066470
4.56120416606729
2.83374359307888
1.35870150702309
1.26238678626672
6.67466624856222
6.41236941266813
1.19529855144421
2.63198243081655
0.252826950102704
0.732658080163288
0.493364834670445
11.8426471072306
0.455382611109274
1.19509715801109
1.75887418666196
0.386552889447364
0.232200586937775
2.72929047334378
2.40870979843423
0.395554807304703
1.79659316420676
0.881303254063181
0.719453241005498
0.648949876479008
0.213298694827597
1.49647510475176
4.16242530845749
4.15260774912102
14.0310259767853
5.09642108472632
0.731728860845228
0.948683367136006
3.28607571467836
2.90439789333412
5.42153130893872
3.61865629406922
1.39241514034268
1.38727838420428
7.16800238112173
0.131812848979851
4.83051415488674
2.83989690641171
4.14876453598415
1.84472610495908
3.01132986959184
1.78269164317472
0.0257835808489846
0.0999148931561845
1.73038900256992
3.56539034965855
1.24823275088097
1.63961077907821
0.428267854229978
2.17090187425068
2.33875767430544
0.466180860945734
5.27667215594507
2.73288203104085
5.10656230867865
1.28055504036866
1.02723536142354
2.02993274253913
0.413067087583936
10.0244898053976
7.60260826240032
0.815593650827753
1.95156190582907
0.602589173896516
0.115580221757974
2.23040091338246
4.63776727818492
4.05909278255855
0.785337315546696
0.119776219416648
0.438440599381533
3.36707983289707
1.70384150532093
1.77485266904478
1.53532424876513
2.87693046115974
0.775439735909029
0.712938632019365
2.92426162155788
6.54433785129031
4.14270495301648
5.52806832788433
2.89219161066074
2.10382529214466
0.799718317491352
0.482823468467553
1.66644946146574
0.0987693812641760
2.35204692155050
3.89255749167800
3.29046971496934
3.04654471964807
3.17860456351030
5.38821874345683
3.39529546499258
0.805669700883825
0.845263938953865
2.79965409045522
0.188443814547520
0.854390636869599
3.03987306959120
3.26824800919686
0.659113671626997
5.55559862696560
1.97795135023055
0.281392467587073
0.392958813781102
9.14029635388634
3.52418265271153
0.205614389971361
0.550830159348986
0.801187010481633
0.213242351994039
0.375577285791173
0.214480676441398
2.27673662484660
3.07358236702616
0.755026208214561
2.50315882177237
0.936016814401275
0.537059855212762
4.20913721358408
2.42421593405929
1.69762139834304
0.261235998367433
1.26866668207135
4.98535221705337
8.29329515012549
0.893218099969165
0.978973312135080
2.90007402643873
6.34595001328138
2.46824302487115
0.361023572070714
1.64283596049191
4.16163573265101
2.80650600934800
2.32829164514570
2.07527151399177
0.205551454345312
1.76794525759784
0.113557561864147
0.569380992157904
0.111752677185005
2.05725823421425
1.95525430788135
5.03844336121596
6.15297637896713
5.30261242759084
2.22055060744705
0.623473001741508
0.0185576543493442
0.740623018779247
0.178311600844270
2.11557189156058
1.82551601836452
2.68524642872989
1.23088991795231
3.66645590228744
2.01038156397223
3.16830764756597
1.43277503717996
0.0967915348882035
3.76291033828975
0.345280080523394
4.00345494157580
2.95298980336130
0.647399022911927
2.17629672376423
2.12981910480688
1.07346747646799
2.46391062273454
2.00956006506062
4.72018269335676
3.86030901271146
0.845275984731110
1.11240428386670
0.297646600413080
0.158412135167125
2.42945437371773
0.620713616147179
1.63536869033750
2.98108101220322
2.45193642659035
0.0709926522795513
0.151530108972804
0.117599390589762
6.81556547053912
4.19139091193622
6.20047517615067
4.62197686808225
4.05111907501365
1.77563457596014
0.535201399767329
1.70989311445697
0.251284364930227
4.17060675445413
6.30431986679145
0.420326635735836
11.9030892507169
0.676345594191412
2.15719018967204
0.168656301676213
0.178943914833912
0.889776219890895
0.350511184572328
0.582241172175237
0.0795721715274927
1.44411219940863
2.32044786622277
0.768030633048216
11.9333973830397
1.70392841365046
7.35132605251362
0.0121445589939706
3.31290946555685
3.31490604600756
2.46704692914124
2.47207472132689
0.799873977339384
0.837580726271760
2.72098866735361
1.23438578430635
1.18735042328399
3.50765733293369
6.09123395755727
1.23684956829071
1.63118519331844
0.919168192105554
1.42560979258641
1.19701587463042
7.26319834509163
0.853519249405742
5.43199253238912
0.647728570125234
0.0390758651757534
4.37491374571893
0.104764644166675
0.167945965337703
3.65214897343713
3.12390344371001
0.727871471080338
0.752125275607885
0.273233257355696
4.36378123253996
3.14245463567571
2.20889134616185
0.792328952175859
2.03679045763946
0.158869849968749
0.566886788455073
0.467657433403575
4.19267743907569
5.59998818775442
1.55717619350376
1.51264319392742
0.188403848132044
0.821469900489637
1.26903205316764
2.14198682093105
0.205146520717506
0.370224093479613
0.463324024256777
2.98422528457266
0.655333945857043
0.449632569206763
0.361048387230703
0.572023205882103
1.46946918806507
0.275065812742634
1.90659626466562
1.72669115334006
0.765044955946001
2.20318706602075
1.41274530928429
3.74870070452670
0.0777394701466242
2.50689883952189
1.99756157836800
1.22265702219528
10.7448276400269
1.31834322738327
2.36582526445113
1.28051321092560
1.33713541921845
1.19965375702060
2.24073328977801
0.486785136824318
0.217570696080565
0.447040339558180
0.496763135478904
3.79913414411162
0.866387777482278
0.698388742820178
2.14829328521285
1.38811994973924
0.699226284532913
0.913217463324241
0.959923519194312
0.497142558650040
2.96695580242780
0.379727510475112
0.569298434430625
1.30988431496040
2.33932902319655
2.30426398271928
4.75117421886547
2.37835374196925
5.11240847885503
3.31395066274560
1.36779886372792
0.258350337039582
1.95428207495726
3.99793440958896
0.402101351000238
0.898234588281764
1.60105787089839
2.23245801489721
0.312984175248274
1.27340985120100
1.57438457326989
1.16835426986243
6.30052379285867
1.60422540678860
0.208490841860129
2.60082484808002
3.73946468628404
2.30354976111484
3.87591498476870
3.01310666715455
2.55987887368457
0.531989002502020
4.26347231282914
0.661919542848422
0.950925664681683
0.709449370843874
2.66244830089116
1.23646937996055
1.49397598551855
7.93074774388181
3.39907352606256
2.30577459687699
0.366503814197639
0.192309850145605
1.18444635960957
0.183977804260520
1.35128151569222
3.31821009921320
0.824548324352432
1.67569839535990
0.850694429957596
2.13785895277271
0.0925178679941828
3.60616457425395
2.45262346135789
2.80992775889219
0.250569971899712
1.95928298154221
1.44918954410707
0.344679451998075
1.09685396656422
2.86734751011891
5.31954281876163
0.780566456110123
0.566197374974685
0.849410538958638
3.44473446592706
2.25233361576716
3.43159189601405
1.73650508933957
0.160820555811606
2.06916214970477
1.68094447611237
0.681965209421568
0.553514232249684
1.17006784184176
0.356264674541656
0.989744024376554
0.791391387077591
2.07107255657647
0.860194628086186
1.55866254487568
0.818684691168656
2.57724509912308
0.982082711424771
9.27858273244316
1.91172523930123
0.174035019730754
0.956430075745087
4.00512034827916
2.03620731423932
2.81974330069168
1.92820167964182
2.34973983774581
2.71047014135884
1.48196059480406
0.353554294406642
3.47657154657585
2.37690597831432
0.694028076822060
1.28525531380491
1.01075481558903
1.89817965772612
1.22405554429068
3.89538879584517
0.403419183869348
2.18152173565852
0.803046354294483
0.716735091718082
2.48019954583625
1.69293766526258
1.33839566765675
1.30875911850932
1.51593623490141
0.654015226862757
0.0342712762027709
1.89607726588871
3.48189336926147
2.36880903846753
0.0436230898063476
1.24496683188341
0.348611051070638
7.52345756530328
1.56060113687797
1.01174105094684
5.15192553761365
0.0143391941372038
0.615439863195702
2.65334755734468
0.584778321774706
1.25278827555388
3.12604838453082
3.66239766393698
3.97269059420250
0.823934715002104
2.84119945530245
1.09888428260092
1.29814200983608
0.228455517429810
7.97335754025707
3.62545988163094
0.188944268017472
1.60812523132205
0.104915929465638
7.60544677715326
0.0859080445797387
4.72586983225801
1.86529958366901
0.731779000209482
1.72621716388161
1.50581981470727
0.915027819019662
0.00903068839996318
0.395009511552104
2.97159595733817
0.0543817017921084
0.788145777770367
2.62495019555751
1.33230638225767
0.504157521167049
4.51198249602528
3.48862404818232
2.67294632121902
2.30355106471750
1.32863286835189
0.643509399273120
2.33772033849111
0.0684756099290763
3.71064961860902
0.332901629463360
0.0795640123194790
0.486490952233119
0.248696865137803
0.121879001546556
0.595748170543556
2.60241148402277
0.676358643005207
0.430507688260005
0.566252863366125
0.862867975193012
1.68372305782181
1.14261827218709
3.67462561651301
2.74905347390717
0.859161606036554
12.2457815118836
0.815898924821625
0.723441306456889
0.246023800143473
2.49502299796110
1.55723790884364
2.98715102245499
2.54828404324936
3.29864708877700
1.26158760332306
3.71596290411029
3.30399495113026
2.45384423301970
0.294208081822979
1.81064172826901
6.46590345408342
0.173022292427937
2.76466299980640
1.48083008356439
0.778474148149127
0.422045166406353
0.418060411895689
4.75027073739857
3.46276430952550
0.243326581970233
1.06210483383620
2.52093746557079
6.75003836857949
2.71269088012875
0.955542480684765
0.0789813159534470
1.35786579017196
5.31205117370103
0.552619967869473
1.57438197187530
1.80422987964628
1.31495641027013
1.10440185329193
1.77270297629686
1.23875982564504
2.08466271526255
2.76389954593720
0.973942419197567
0.544453886927642
0.679444216989459
4.91667642950979
1.30658071631291
4.02955265320523
3.56497370647324
8.84512137942007
10.1162925424018
1.98815712260171
0.208416627424172
0.380551703482869
3.03994286201217
1.23994620717085
2.84416950957994
5.71334356804198
0.696268429599544
4.88150201499142
0.455953603490126
0.979071805841674
0.0846216511899367
0.786104985902858
2.21002863288585
2.45087715131258
2.25953197466341
2.28656872451890
0.219692800483215
3.36739483386588
0.745293735524354
1.85882315625831
4.11590243216151
2.24949979998848
1.27829119114769
0.129185074559258
1.24939246103286
0.962766877228066
2.33595410017590
1.66878358823071
4.48817503244922
2.79716821570528
0.0555635221167025
2.20531975140107
0.535300263057213
4.35627564546140
2.16829968066879
0.516799401425561
0.0580290214977859
3.19724995638010
3.95070597835689
4.25218321917926
1.43200349587608
8.96737691077163
4.48146469751545
2.99476716597949
0.795868624093462
2.25177622995933
3.26078221717754
2.82549840532392
0.0466530861945529
1.15531691091247
1.22279380460633
4.38704632269646
0.713077759091998
3.87982816779442
1.98698572111182
0.693069315459646
4.34033788463375
4.35227506689639
9.73609087854705
1.43170691702730
0.317431220819393
1.44482615061234
0.608309657402559
3.00190254463994
0.119410385460713
3.97027651046640
10.4187900409899
1.76987923531862
2.03806727857515
5.20067207493331
3.44320378174885
2.17903655792402
0.383013182212728
2.18791093613440
0.745401255200996
4.67086109195592
3.05528986624325
0.379193711739495
0.253010180791922
1.49383723084848
2.76136738214878
1.09047466228417
2.82637788676074
5.21098387069768
0.875613383824816
0.320740883149871
2.16714562113416
0.185522794465245
5.32612799506521
1.22444539636902
0.766527000037922
0.0132140522641365
6.66067643513961
2.01186661122410
0.0948166384878829
2.50308703895437
0.429689942945435
1.24062228016159
2.33689197137705
0.869643983022553
1.35142071217608
4.82186733303503
1.51819182425180
0.430514037419329
1.75359083575732
3.69006577796854
0.787371727467273
1.28940677434324
7.01390266072197
2.34934795250882
2.87111252768582
2.11507013094613
0.129239159417904
7.36672914925184
0.784348154303410
1.55537805804421
0.620318419477713
2.94102442489387
1.45073444774336
3.21378525066007
3.36299224905659
6.23047651623806
1.99034743796417
1.17108044242793
0.872101977047071
0.839247029281149
0.987306482328467
1.20543115680822
7.91185727336907
2.05488198357406
0.747606840230254
2.29391197999444
7.10586689588218
0.904057062768112
0.119799871109811
2.82274189645720
2.65391937986651
1.64441943184399
1.92871267325516
2.59003585081021
0.665451452278962
2.45120884662074
0.939925839441941
0.0142331945428852
5.99100214504034
0.279134745251278
1.30033204839572
10.2488494040108
0.0519729350235533
0.411213866375174
0.590731213253642
0.0992039208694620
0.966073161750483
0.812253907483350
0.00803947611857796
1.33933021879266
11.2952594735646
0.913126909399794
0.522913317771528
1.15692852741199
0.625465732885881
1.38299630962958
2.46039735583142
0.359267770683144
0.737391875861137
3.68600412480149
0.263724980999384
1.48163251237328
1.49887633839781
0.795785602021943
3.07829878201897
6.00958179094625
1.18115794495006
3.89235122267929
1.44067544354320
3.69288943214887
0.824510912294982
3.25778095617982
0.761709330879084
1.52433065659940
2.65892751246242
4.12656321817766
0.766580286560504
0.636463954678715
0.713074194245463
0.861371859626797
2.34266409539208
2.15000564408774
0.748532448173574
3.51132633086080
1.90468091874721
7.27802121585571
6.00755533986206
1.75142096068215
0.879095139012595
0.746296964088878
0.801784585601577
3.32626826130154
1.36942330969063
0.157503696408456
1.16251548296573
4.34577842051292
1.10282758415221
0.337853893625755
0.796510698871738
0.846860206791389
5.87922661615848
0.961000656203364
0.974276387289105
0.455477708676244
0.521351268192532
0.610922300839067
8.96539042730293
0.316839442365234
2.57653449660431
0.824856731139854
1.79737033583571
0.582733621346879
0.830776311370127
1.31484027761430
1.02287258742640
2.54861655898193
1.92673476469203
1.50894742626948
0.255706653126125
2.69808407633387
0.857328220421632
1.46142171949171
1.51288471959817
1.27871141470349
4.30912636579553
4.87482008562185
2.43029341926664
0.756698322534544
0.171287880416942
1.83333973012984
0.0812250250387588
1.79429409106328
7.52940385947986
5.16600334194115
0.494957496726602
1.97676632772704
6.00890170513852
0.388847905152504
2.10584533966174
3.13300626340962
1.83356252168595
0.381702125134626
2.68876790568171
0.484640228652067
1.18933378168793
1.91526756634257
4.59875971670209
1.32668237405584
4.58489881191991
6.85917621305841
0.00119351609306566
4.83047801763502
1.36319942794766
0.763388914255055
3.23404434400366
4.24253844453339
1.87206251121824
3.16660490984811
2.12530848388365
2.36764795220661
1.17371202676670
0.306086150617638
1.47391790684034
1.57992972738519
1.00389294255883
1.33717100637375
0.0297793067047180
0.0438703279739913
1.26100090645703
1.06157330770194
0.715970547562382
3.24913070754080
0.139547287369954
4.59548235745471
0.892686932749749
0.518952857640716
7.72442833447544
3.71665552514252
0.0379515177314844
1.87217773122701
1.98225974917894
1.80991071097806
4.28479908327724
0.471138179715651
2.18549922690157
0.0332791275172627
1.33079915370077
6.82875176612269
0.272962830676923
4.89407197359010
0.903773648136338
0.940958164259547
0.273819813314481
1.41950703146358
5.20255894381124
0.614826662068841
0.628243001752819
0.399677037380468
2.53734726052414
1.98780785875442
0.282930655227143
3.75348422649958
0.506499732097390
0.150218902438059
0.300978002271195
2.41836620853661
0.925357206458492
1.75851559084516
2.81140309884085