x,y
3.59748245172800,-0.727243642060267
3.17167031919068,-0.602070644716116
3.27919287707522,-0.751740197738218
3.64169432838138,-0.712578478686990
3.28345374427407,-0.872949600498629
2.90517568238414,-0.870966148979794
3.50528040647532,-0.720399164709564
2.95462437521043,-1.12586914686244
3.52040271274953,-0.925443103912297
3.46698880745199,-0.658847108171912
3.58347212639241,-0.728502556559945
3.09964865854799,-0.950342592698009
3.71053265260187,-0.804849430487614
3.28995647520681,-0.748840712191211
2.72658937324318,-1.04187786186423
2.66048892644316,-1.00289184954481
3.28539152550816,-0.706136705853655
3.24701304127656,-0.860250137594120
3.15566083547842,-0.787959497457581
3.22844182653189,-0.865651342289043
3.47159231702897,-0.631025351650408
2.92058336829499,-0.885953742734032
3.36842640098622,-0.779292349774061
3.19635927411509,-0.931439665079714
3.65622471141157,-0.778443605238101
3.59625697152911,-0.741985316696833
3.09396654693287,-0.996815015441326
3.18268818513195,-0.999206957653983
3.05085099360220,-1.06864750389923
3.36500284286050,-0.944351047170609
3.24881014263139,-0.961937889974436
3.44936623157478,-0.961466212897350
3.19471820623132,-0.987431727745039
3.43991299227031,-0.795161404496579
3.40911197649904,-0.632573007699759
3.16393230669566,-0.709374056990155
3.26411651296254,-0.655051615121747
2.98280992330421,-0.719396414296095
3.19030770491888,-0.584278920447425
3.32682429253353,-0.557363973650515
3.30940888741646,-0.572317709533604
3.36603283847399,-0.566193539779469
3.40126209589324,-0.974365770591980
2.90309953048763,-0.943251797654323
3.01708387853073,-1.10000657252121
3.70343799277248,-1.23480210504584
3.07386045374484,-1.19976411617483
3.46648251376709,-1.24141485323638
3.50433859448238,-1.30377193055382
3.52582049896070,-1.28080899799483
3.36816135909479,-1.21760590668398
3.12497897761620,-1.18575800272956
3.47298925549737,-1.20048692971172
3.32555923755655,-1.14547314262563
3.25130226134683,-1.11200473189470
3.24346618109035,-1.26509696965770
3.74213477621132,-0.869313666929582
3.39479396837304,-1.02295055842554
3.85534047826532,-0.839838761369332
3.47294315035228,-1.03720821464973
3.49015756762208,-1.04727187023545
3.53133129545650,-1.04318795205875
3.72552756378503,-0.910692139931286
3.81710467326789,-0.896509737542148
4.06016804907499,-1.10992232424057
3.62560759846610,-1.09938289657905
3.63557639526045,-1.13012753324072
4.05469310557170,-1.11386574089677
4.05045214597693,-1.07596508975912
4.08860848584626,-1.09682567481963
3.91034028247423,-1.01739130423167
3.88556569569217,-1.14708707085355
3.92495460824803,-1.03574270381071
3.94027411158831,-1.15557132537530
3.64548340319421,-1.11404843240000
3.80555669171867,-1.19895824540882
3.75111946037039,-1.13169219115235
3.85554826627840,-1.08550016175404
3.71353261852665,-1.17077285347641
3.79457154493535,-1.16101809953804
3.96239043449769,-1.06206156942185
3.53199669400586,-0.358095839839807
3.45989271245803,-0.467213653252224
3.69467530274033,-0.307586062594166
3.73541163686304,-0.244826963591863
3.93240243641014,-0.170043732332323
4.06353942385212,-0.387061434931321
3.90296352217816,-0.117617053758794
3.53092624321638,-0.601753555414849
3.58167667711654,-0.540835577106125
4.32509530773136,-0.249915969380400
4.03709236611763,-0.317608464750326
3.76458345238685,-0.687745965785336
3.74195809814000,-0.530342853668220
4.05687222881818,-0.418205947075247
3.86238710427378,-0.565667701308531
3.99452056070517,-0.512199220946064
3.94537868122111,-0.184723902160520
3.66534864700320,-0.379732897190620
3.64484368835186,-0.289595972708697
3.41221842736639,-0.452145145930699
3.84193514507119,-0.377380798578524
4.00943114842204,-0.288988914015559
3.71552818168212,-0.432515131688884
3.63641410797471,-0.455460442190585
3.53678233410033,-0.475734414408939
3.83522290947129,-0.188582805303949
3.69210939456974,-0.267215986262331
3.91418662753804,-0.146736468044812
3.47661297858793,-0.530763198192664
3.72853124610779,-0.406910200829445
3.70763420822907,-0.700673064415797
3.59601073569551,-0.296861563772525
3.86502715742294,-0.703808891271566
4.13560042637665,-0.531155761105413
4.28048260681646,-0.615145663976949
4.35919986640851,-0.912036656541634
4.49381722460791,-0.560474070665747
4.36782304144900,-0.836152760326869
4.16931575409960,-0.688787775806943
4.08751895940780,-0.681605866893570
4.42771484664220,-0.677942201052969
4.34785660890795,-0.403905434709431
4.18554868041879,-0.800897027165382
4.10367599672288,-0.587610991768245
4.40088409874041,-0.279359406471721
4.50653119246848,-0.448570345560130
4.35774254014051,-0.725881931125857
4.30648557764129,-0.712484150045022
4.14619934153127,-0.843476390283391
4.25950439714532,-0.907724378791851
4.17787622719066,-0.825436539008940
4.08516118232154,-0.760860833388281
3.90315587997444,-0.710080888561378
4.00143756248922,-0.845331523154032
3.99966806410315,-0.850707571724782
4.51745379816516,-0.642177223199268
3.98712355440391,-0.823459868834318
3.87247399058370,-0.769165249621317
3.89017681459529,-0.751860910845091
4.72785372272377,-0.380888237326150
4.30581464913773,-0.427106887400153
4.69224729220669,-0.472528557527814
4.59250671590604,-0.592296646812039
4.50694617713358,-0.527608735098462
4.57238549295277,-0.525659175795317
4.43313663611981,-0.446772121953942
4.19659742444800,-0.916253964944771
4.37449743286299,-0.588582810883379
4.16315071374021,-0.524081786758106
4.33065224297709,-0.649916013184902
4.35581161626327,-0.808726279286522
4.09401560505848,-0.897887397995197
4.43736617287999,-0.577635721805550
4.33141520670913,-0.586792966944870
3.98914336245976,-0.818063759059635
4.43378666083970,-0.568885228688229
4.04308548651140,-0.529959333598403
4.15928465415634,-0.823073711532214
4.37612858977692,-0.585342778893039
3.41576136733672,-0.000305753278216947
2.69110958354188,-0.841484893456303
3.16246930441580,-0.481347171863275
3.00942987180018,-0.157828473980425
3.35060648008054,0.0523941222553645
2.62761281312752,-0.680422292214570
2.43600673204548,-0.125508750857194
3.32448117309693,-0.267226614610219
3.57679384675472,-0.261793713855448
2.34676844694365,0.288313686196628
2.80915714021026,-0.329161452264156
2.46815133732639,-0.0421865067181507
3.03681422742843,-0.594860042097724
3.04633917747854,0.108324258606269
2.97018982525635,0.0932879692815636
2.86790339720000,0.137573307333720
2.61257988174906,0.0689554711755977
3.04086650477119,0.0673275735566295
3.09946795241650,0.0688589178329498
2.65463433481380,0.245293714517019
3.03979829450641,0.0849228345730474
2.58329184965235,0.285151872638570
2.37224443645779,0.0557716776178646
2.34601340189158,0.0500767523590990
2.89364645821422,0.185495011165050
2.54664361373127,0.100262245662608
2.46173806432199,0.0656387510598567
2.45419236026980,0.0705781435872945
3.23591677330494,0.0404150536623568
2.49645108099041,0.302408368937729
2.27226707911855,0.233335963270267
2.27036017872651,0.205586855788698
2.65452471174314,-0.882819010321224
3.46121284219608,-0.0910887016236413
2.35180524721332,0.356771316691276
2.66254998689120,0.0828499614846537
2.92829880269126,0.156410761302331
2.78836391130269,-0.556192645042559
2.44761997143160,-0.601058437118185
2.99577597984443,-0.460711127145741
2.68186808903867,-0.246877206078300
2.32647927646585,-0.0625169384016062
2.69268660214639,-0.889715588488195
3.45338812328257,-0.184812120715445
3.25901470114894,0.0112033701745354
2.40005296644773,-0.282064194158620
2.54693547943522,0.221174066301308
3.08753111218049,0.0815204681379149
2.52590481697083,-0.208126552331289
2.39927255662497,0.00827086166262263
2.38302304740561,-0.0402118554331406
2.90508306606818,-0.644965035473079
2.63703977378876,-0.743351623621029
2.50932439437598,-0.613786470567866
2.64936525861257,-0.165760309158045
2.87471323288250,-0.365496312425979
2.64816694253074,-0.112546858121799
2.98312844172322,-0.608641195494135
2.71555630712348,-0.549054994394476
2.31298664304410,-0.328132374159471
2.44482040939279,-0.457720430445067
3.00382918447969,-0.405412920445790
3.04290651668089,-0.596055987522061
2.81644843942284,-0.264593532991226
2.85006386990415,-0.533898171780502
2.54312919852724,-0.797527599571826
2.97481591257514,-0.536641111919242
3.17701055542041,-0.565729768632794
2.80277309163670,-0.763347820735272
2.31708777458792,-0.170259431260801
2.32573688101886,-0.152443907537508
2.60179088363865,-0.0872783274234745
2.61159641523754,-0.0827544273750978
2.50810562528594,-0.513764658900673
2.65893391158948,-0.443084962921588
2.55259422652855,-0.409092396469379
2.47118793278781,-0.379336832584481
2.40834940164622,-0.234761512093592
2.46949422987178,-0.235726638029975
2.89250383249439,-0.362803574227567
2.43093827477631,-0.160288349622726
2.46383444874303,-0.375420258951607
2.78790422012636,-0.215367624388218
2.53780634618618,-0.801425091336418
2.68013849833037,-0.591179957265345
2.37802120997148,-0.633581399575457
2.45086695696841,-0.454731528317117
2.40087565725717,-0.705143677303547
2.82718214556402,-0.271005896361968
3.08512166301383,-0.489906206270663
2.78377234738103,-0.306838094711521
2.23547842583701,-0.107947533771803
2.62808170867613,-0.0236512656457616
2.69845812852800,-0.0472053093287224
2.81175864496219,-0.143147130629477
2.90856030379489,-0.143172180857086
2.86173901371523,-0.0926271081715017
2.92388243919934,-0.0667196471909813
3.02180375203826,-0.0427195192938494
3.04350201242740,-0.153231654147346
3.06503731009631,-0.271309829652802
3.04734057833311,-0.136849701610232
3.05218944601338,-0.102532931636629
3.12325646507419,-0.229129445721413
3.12069229323792,-0.385538445393161
3.22837495837765,-0.514167949494589
3.43245706996200,-0.222045214417740
3.50742464516573,-0.274363273446102
3.47374100865985,-0.00754664364216249
3.30219657560561,-0.164628143127799
3.36251138887552,-0.378244891942664
3.73840590332466,-0.146312645443172
3.56178894934181,-0.195976389814952
3.22356814489262,-0.250277978311863
3.64073714874245,-0.0677137699797595
3.32195628063053,-0.179268020497543
3.38752047026028,-0.0617510252715459
3.23823864072524,-0.434083156836427
3.30596936623713,-0.284728727855737
3.54612572857662,-0.243845246816116
3.75219874707022,-0.0972804620777161
3.30099376068597,-0.303815484972644
3.26502377821953,-0.343710915057205
3.70833022597783,-0.0535711005544341
3.41319767449341,-0.328057209164115
3.30754547462061,-0.239498452036117
3.44963206253940,-0.225658073500064
2.82938584852241,-0.740619016611942
2.51839521328076,0.167793372576106
2.47089346269681,-0.177616590279957
3.52959832125311,-0.249538984735773
3.06317040625767,-0.293433031152498
2.62577853559295,0.209838660579660
2.95719927501687,0.0281723599335310
4.11358177797780,0.967253492884115
4.09144309277364,1.08680985584235
2.99309625359118,0.590936615252531
3.93530703132544,0.661957995211984
2.92341112988055,0.448164626889473
4.05472777619745,0.773124227575774
2.96903300459516,1.01045136507300
4.10953791913257,0.890635689869641
3.10778627091227,1.00583248134908
3.47710907180031,0.523466259787628
2.96645577328070,0.257189399089907
4.07996839663569,0.959738078076716
4.13896169378229,0.917136944351094
3.87797667265616,0.613750930867088
2.78754042586702,0.720285371392726
2.71194660766375,0.754864859524992
3.94183388031211,0.765002495250883
4.32083870783138,0.872243467139396
4.15527387138908,0.881488505845200
4.35561919072141,0.943451923259860
3.22314425337339,1.08244101129341
4.00713503822762,0.747713958916226
3.81662540943405,0.669308036347991
3.98750930958518,0.748184958950219
4.28228294856164,0.841887811952683
3.80793268016005,0.781807917675784
3.77564081761486,0.580730571837752
3.71670303364896,0.642570747073815
3.81435532724793,0.595647781530143
3.50553453812895,0.490464943072525
3.51711397633458,0.551602685096640
3.56555033542694,0.533997613923987
4.22581912220658,0.957661198178715
3.52621480407313,0.521163281395789
2.52315055584536,0.577171937755890
3.59713846751508,0.580400149799350
3.69377738850558,0.632781899687811
4.30285919827098,0.890369591815854
3.47677764768807,0.575744741304817
3.49276896428418,0.597827766756232
3.63281399321615,0.750196166734978
3.52054815668354,0.948064871217243
3.22033865078441,1.00389462882329
3.77635204516306,1.07712760756671
3.43555067963176,1.19885416037592
3.64555268955677,0.811950420656294
3.29039453397542,0.790575074623662
3.61797846443498,0.937099011154016
3.63290025990313,0.954441501624294
3.55664556157800,1.06495190298669
3.64415600869106,0.959400235536950
3.83519027323302,0.919691511675792
3.57591925651806,1.04468835627742
3.60263339237307,1.10460924860278
3.46806255346075,0.891184600273219
3.42395649259499,1.06162447014997
4.03704024056612,1.13064651407380
3.32497888290928,0.744072670510698
3.61497449919820,1.22254859009310
3.70548736454716,1.22119031870215
3.51392549982789,0.832401668270202
3.77768897509263,1.03598229313732
3.36565975723232,1.09798778379294
3.69751694564464,1.24768100688490
3.77923929501792,1.18071463538504
3.96874523032835,0.997184791146350
3.76288002017168,1.09443681566779
3.45158413496911,1.23796273604256
3.03695215154195,1.18759072561549
3.22468217739602,1.06903504257113
3.66913611081433,0.573415362062008
3.27324661211566,1.26315406908853
3.10272619189334,1.03881986749284
3.39745068580407,1.26729597212608
3.46975188545269,1.17855435072718
3.47189909770889,1.28613645764223
3.54333439047039,1.31213268478038
3.02853799372155,1.17612554801748
3.04540856936686,0.688512995395405
2.62064860029992,0.338296303487960
2.99103610123668,0.230260747470978
2.76566006294388,0.441721047839435
3.11032294369378,0.641993984115905
3.32685882681527,0.583949058584145
2.89482636047425,0.553071587972465
3.10873282583581,0.437457493343604
3.05205759925575,0.478732912799797
2.77938238479459,0.483729752656453
2.87845545436242,0.420522062791902
2.90277762423808,0.249601677595951
2.92604201397921,0.222116071808958
2.79664397763372,0.295628614653007
3.28169526413958,0.450090340099423
3.03092630129839,0.453536187412016
2.88758622732184,0.586424258528752
2.96641537870910,0.564936179096475
3.30981061511328,0.681660082252120
3.06150325408006,0.503761654743668
2.57869301843447,0.333179962818927
2.91580869388554,0.332576318258495
3.13880091552842,0.489082904202370
2.91106352457648,0.639987776876491
2.87669321891139,0.491227743023999
2.75130571350215,0.554488999899760
2.91704982250843,0.707769299558587
3.02121668945535,0.758228280086465
2.51987246610353,0.512840322870639
3.42330354529827,1.22285537401247
2.69516352348147,0.669497592945556
2.66815464740676,0.706604444880629
2.49341980392912,0.744096448058479
2.48062338513182,0.729196142532707
2.87033030637600,0.749183010723314
2.39827965762284,0.711498575736357
2.79937119684872,0.793564764898182
2.68544240026245,0.553395611862840
2.42202602056663,0.463038315530186
2.56396868315099,0.491241323561220
2.35069022101187,0.468936060784342
3.71748021778434,0.693629972983037
2.74106078273882,1.04425215392177
2.50629474862380,0.513125396750547
2.88038231731454,0.947532618218107
2.82690364165656,0.871919929630988
2.99282893867999,0.977398059363313
2.42650153151863,0.747421908149926
2.38993001490252,0.629193655560498
2.87924676256871,1.13680701813419
2.68220081394537,0.655886578920812
2.53841823885901,0.508374065539888
2.57959312090701,0.581150744625209
2.48771205054595,0.709823574684972
2.59500849639459,0.938752322127661
3.95657429995558,0.806236272343718
2.96146927328149,0.613594136073860
2.89636469256647,0.328036636853188
3.06415044995154,0.942378203474317
2.91779226224667,0.862683898160560
4.17807662461857,1.06086243939627
2.60574191629535,0.855300290920467
3.86769473372371,0.765897278627725
2.51712861437168,0.336570402644895
4.23192129731623,0.892904763407554
3.37378354978266,0.865569820639541
2.88150698897153,0.246441532707575
4.17937369914753,0.869670518715563
2.76737209000607,1.09020737914614
2.51020268939812,0.789351761280044
3.69482488390014,0.852111528964235
3.05134927766853,0.978910245933005
3.67919588000266,0.303165878157601
3.71718505341452,-0.0161965698474362
3.71319043848139,0.253966304782050
3.92599261516443,0.364960087612955
3.41163835751458,0.148259037201841
4.05998168665317,0.390439476522115
3.99453157839922,0.549616700660540
4.13068581598764,0.519014083196442
3.94333735049437,0.583977215331437
4.16488832452376,0.465541348034907
3.98572034378785,0.242793155577676
3.95427477835271,0.285046537342496
3.85958091399056,0.249167413176241
3.83249982908443,0.289459088913565
3.70408493102484,0.352717138554822
4.07161780087673,0.196883441979430
3.87888218194939,0.136824981810360
3.91078119778838,0.406073704460497
3.97378205659466,0.612557467656749
4.01979854695760,0.668699401507687
4.00969663335107,0.626937563910662
4.10118830435778,0.545793893908866
3.75748230130815,0.249186112135383
3.75612221770294,0.510564637210870
4.13542208037836,0.619845272359417
3.80068448315500,0.0647017996098079
3.61457397608482,0.153124080186211
3.49978953053828,0.250321490670925
3.54082366859986,0.332379358145714
3.58000492598667,0.342393531695699
3.54611788209905,0.200523397667900
3.69398313419995,0.165696625035944
3.70526695509993,0.217761105074271
3.70580566198429,0.0803136998212048
3.31223380072430,0.241629827183197
3.65129462022210,0.441823122237516
3.52898146040154,0.175196504938654
3.97163569271642,0.0318115830915121
4.06382377658654,-0.0542349072116471
3.76079658019096,-0.0190378784422674
3.55336163018953,0.368985814609628
3.64159175974835,0.0240950939053850
3.97248118418934,0.377261476552975
3.98555229214072,0.00761095525729898
4.07056120124398,-0.0297833658970152
3.97061398084827,-0.0397418828774860
3.94058608885048,-0.100242832186923
3.80813361671492,-0.0155920686504396
4.00259016872960,-0.0184527555528323
3.78366396651245,0.451361216877816
3.88791047475896,0.387310403626984
4.10928117106869,0.387561484024637
3.96630668405028,0.644708741109223
3.48231866350887,0.309389043379474
4.18829375344863,0.284596754090550
4.18348668569195,0.0932504586110845
4.46458309968763,0.427269744519483
4.77536663249007,-0.244927639291668
4.49986215178160,0.281307768627134
4.42750431043274,0.298174054995588
4.53353314690148,0.573211992928894
4.52927655576764,0.788741948060835
4.30236704188940,0.804105095988468
4.45494174226074,0.614210728433317
4.64797327796804,0.429619187752081
4.64245520268918,0.622286641998947
4.48141729106412,0.337251679247408
4.22500925350161,0.684871203378544
4.67394944303609,0.415006929371724
4.80974448260313,0.115182137178733
4.56579968242990,0.0790703938220830
4.43728116738173,0.111124694089346
4.39926782572337,0.104530172438703
4.43317015561083,0.571531936759716
4.33641357131233,0.460155194882351
4.76624175716144,0.274189057395081
4.62778543587272,0.409466998337521
4.74005696984300,0.367989621212411
4.73520970461802,0.291984833830295
4.36197255480660,0.189589046804745
4.66248456944959,0.455463172299331
4.42844719151369,0.394718559678132
4.37984958081968,0.586211455439581
4.45904375931129,0.569173676232025
4.38687964024415,0.428068705166625
4.35548109801558,0.0463173972153917
4.80060528631078,0.0516010540734009
4.71578162994003,-0.0236367182437364
4.67733983103692,-0.191915125635654
4.28428907065111,0.650526573630087
4.43039391224643,0.537471358068836
4.36358920669572,0.704291391069119
4.60156265251150,-0.160928521415077
4.51305072317444,-0.182523497150457
4.44323005749205,0.137198989877646
4.55246101417279,-0.191268205049046
4.77589562864369,-0.304282883235443
4.75250650856092,-0.101099820843574
4.66051061527843,-0.0762301965853736
4.71147102728366,-0.158951561784972
4.42323939190048,-0.0908857690880021
4.19868509579258,0.579803636894121
4.25615507796485,0.00383733642774964
4.48110363760933,0.216008661353081
4.61029437107670,0.467354777734914
4.20638222993145,0.255689808458345
4.62764052019855,0.656625161108035
4.33990846341489,-0.0666397002474216
4.36562391137451,0.00983096050163118
1.51639125688207,-2.91935046375894
1.42053989692169,-2.75559298114800
0.862503491579863,-2.41310332353682
0.930060508018535,-2.49140921511918
1.09611577946409,-2.66465444083641
1.13069136554601,-2.77802281463487
1.30853457170188,-2.78477564898097
0.810005771325773,-2.75795347526981
0.882460488467305,-2.99274204112138
1.31501455260834,-2.93207109806925
1.48679772069728,-2.74602774621185
1.17256546893267,-2.98287431587481
1.55974529148240,-2.87279205706940
1.50690607820823,-2.96583889547718
1.42006492101075,-2.67091523082417
1.37210451856398,-2.65780990116938
1.69077011775651,-2.88295639064667
1.70350804295709,-2.78842955505453
1.54174460854136,-2.72294409373442
1.37344094673448,-2.95745525932035
1.36513503564015,-2.76498930619748
1.49688025447423,-2.93917061841915
1.42435806590543,-2.70715602296987
1.21281687882853,-3.08911598593293
1.00231944750998,-3.02784166548904
1.20188546467982,-2.91832799594681
1.26348171700458,-3.00322935356392
1.18166904939117,-2.95896580635190
1.29573607082105,-3.02066032203265
1.64691363361496,-2.74291139652862
1.34443954466602,-2.72883065577499
1.23433250862663,-2.88111840609161
1.26953093979046,-2.86660896332557
1.18002614177664,-3.04593930761678
0.818946236600302,-2.84386843562410
0.830229151270613,-2.76554291477211
0.908928497063375,-2.73583646518637
1.02018068649890,-2.77794393202251
0.907082231150217,-2.62141348910062
1.20289107299609,-2.69197069642150
0.782847335182861,-2.38001591720812
0.865118589046215,-2.46201689639925
0.813615599900557,-2.44039214693825
0.766836138485445,-2.50112037646240
0.960014868086248,-2.42893732570898
1.39602845852530,-2.82524757079752
1.15762405095234,-2.54619904126919
1.25037026093602,-2.90806965648498
1.20868839894015,-3.08578068266899
0.705905392698051,-2.56169697781121
0.694196436072026,-2.58563065088491
0.607597189745700,-2.82760923343040
0.590741700313807,-2.83653670708004
0.706319043716780,-2.90883347010297
0.753822001008864,-2.85994741718152
0.721058540415092,-2.79509159628665
0.694835236888345,-2.85153648774877
0.570811787476391,-2.49704402539946
0.562842687285670,-2.32317189942268
0.586476154337768,-2.68398306564275
0.568112977353735,-2.65282413092707
0.530663028507733,-2.56777745825793
0.563817977083351,-2.71811750940244
0.465131424836578,-2.77696723258851
0.453080739653904,-2.76348874154059
0.624501332310680,-2.42893542439574
0.608101253924418,-2.48169054593333
0.548178589989582,-2.68799139972439
1.94651684586190,-3.12282140045969
1.89669548198801,-2.88549858287405
1.67692782213067,-3.10592091797113
1.99238209271262,-3.10551575725198
1.83900699753006,-3.09280292092412
1.67111669376289,-2.96702409010918
1.89180858976072,-2.93819192475785
1.70985858614752,-3.19444714704684
1.65569219295163,-3.17746318492252
2.14650862198891,-2.99066381527913
2.19502913672511,-2.92128712490947
2.19357029348833,-3.04497373918154
2.06788420489857,-3.11434352556862
1.88830119642471,-3.08095230821163
2.15017360263364,-3.05076050251651
1.80230256992950,-3.07837214857145
2.19246011041298,-3.06771951055402
2.19758133554112,-3.11888870102152
1.87411204823180,-3.07828327384098
1.83342663826761,-3.05581271735659
1.71681504763283,-3.04403508871485
2.08603207053767,-3.03734819629792
2.31436033197984,-3.03042524906791
2.37646803783294,-3.22405437005461
2.20119814793750,-3.23230901064775
2.18829823056948,-3.20957156513066
2.81964613505721,-3.21446414203143
2.27332384816227,-3.18391596227499
2.49369666496789,-3.11843057162353
1.98771919900680,-3.23858706719272
2.72626942227577,-3.27969622121447
2.47675401579001,-3.09861686538470
2.60654374390376,-3.15566006306852
2.22283032084050,-3.25417003141853
2.12968308739625,-3.20025646173457
2.18430031108886,-3.29069327546740
2.18385849228350,-3.28037156389201
2.43356632084984,-3.35970807166826
2.46273757250986,-3.30791498443926
2.87627622514979,-3.18860941330026
2.41081786560357,-3.20458735092072
2.70175925163289,-3.26938036253019
3.59777808929957,-3.42656549869664
3.52832091973854,-3.48573699370489
3.51773329891621,-3.39303677589594
3.49401483857491,-3.47537470115326
3.45099964770537,-3.41969674805021
3.67548746776944,-3.49421476713268
3.66460646820363,-3.48247613084861
3.88966121455832,-3.49925421282074
3.08198736783470,-3.50645337567810
3.08531203929280,-3.49701262209418
3.03815421959194,-3.51498976500083
2.90155748412772,-3.53972434509020
3.33733161400032,-3.54422524042151
3.45588079727987,-3.53510533132642
2.48476754897755,-3.38772304655292
2.94209471248215,-3.31257149967782
2.82629376780205,-3.33185979267435
2.81762317873490,-3.46334252263940
2.76259736289072,-3.42956817674343
2.48940738245847,-3.40314327024227
3.67290281819976,-3.63337347143688
3.71496420003809,-3.70459355785501
3.82802905114349,-3.71587160775765
3.89111731841225,-3.56156209811843
4.05902742050443,-3.62860085706446
4.09682335463209,-3.64956316780486
4.03907184560930,-3.58318433154159
3.47455055097693,-3.63705999371595
3.96495714618324,-3.57220889715828
4.20502452456125,-3.69039622964977
4.16902036136917,-3.70118808911242
4.20707064776536,-3.73139533572834
3.82713553936145,-3.75501715524206
3.95904960140142,-3.77751892826824
4.04368679787170,-3.69282036147691
4.16908039150289,-3.60511977390744
3.88117604336280,-3.58117222035174
3.99909386681794,-3.62507792146162
3.87824976239511,-3.66325488953693
3.83341602067881,-3.58024779222394
4.08021343748954,-3.57208377638882
3.58872925848741,-3.59125308105160
3.53494688534278,-3.65190295511050
3.63710398334239,-3.60537736261933
4.16740468811382,-3.60453023883495
4.57646315603196,-3.72688712871539
4.69926484507204,-3.77053515394849
4.66230562523312,-3.88617272541510
5.22683511383457,-3.96466683320843
4.71044657286294,-3.81825641479246
5.36326728983445,-3.97587147943006
4.79258183880503,-3.93778128333553
5.57709877286049,-4.02183328420571
5.77787170168657,-4.13382991614282
5.77752832845053,-4.11420360990041
5.09522051501598,-4.01509082063007
5.02335497883824,-3.90665583657679
4.65469504931165,-3.86228579783845
5.37517349710778,-3.96505904227768
5.06047860222118,-3.94168498267838
4.80284984738209,-3.94888486972942
5.20754178988752,-3.91828838394186
4.54575091833520,-3.89193772230029
4.67853301995126,-3.81175264364030
4.48687385767461,-3.80971606064792
5.42633048145320,-4.02065666069718
4.55359511338444,3.99370389574457
4.98446686532929,3.83754636473491
4.61339659474100,3.82486369681898
5.71655800867860,4.10959471692672
4.88192305384601,3.87433495119142
4.60232843698313,3.82553241616936
4.69475783601507,3.85746896078368
4.56253542583712,3.88699896318659
5.08961023560476,3.96347115697505
5.12045610731744,3.91406836031893
5.00619877738594,3.94724234332601
4.75742353937847,3.79712548409206
4.72813147706355,3.87426122554855
5.46713829518742,4.00076748704042
5.36062759359421,4.05071973698050
5.12887123513751,3.99997276051373
5.24380881048385,4.04768859648153
4.47479615428648,3.86222061721724
4.39783299035104,3.87179951600997
4.43553007669413,3.80815447096664
5.21988823918357,3.92941266403552
4.86450136910476,3.94610345208075
4.22446917873982,3.84204665441774
4.18339148500403,3.83784616339481
4.12976103999900,3.61269394931804
3.85432769436522,3.60019840969590
4.13474502573644,3.58737667805909
3.98223426632010,3.56396680342507
3.90892258753359,3.66795258642633
3.72377179779983,3.60359926937775
3.89149692049852,3.66173266294181
4.05138528587214,3.58568695370091
3.84935538733903,3.53370040651171
3.91889842607311,3.51934454948811
3.95164638755185,3.59192884168481
3.99886533817117,3.54773091773207
3.96010973294513,3.63962842911133
3.89322835823522,3.51199561583643
3.98591708989170,3.61150739149815
3.87708078417781,3.57993902583501
4.18176345291509,3.65223768037149
4.05289548525108,3.75101253019821
4.22004810782579,3.74716276770722
3.91362351757201,3.73657333491396
4.33708200351968,3.68681238543700
4.54061150483439,3.69112936931931
2.52960895870163,3.33285119257479
2.64030850007515,3.20337382265109
3.00545733048516,3.27840986669455
2.91727082036293,3.37288573617036
2.81499858588330,3.17110719700341
2.71804065010746,3.23951413195200
2.34251620444702,3.34353978836817
2.31573275160770,3.28130098730701
2.77275478716104,3.16023743281230
2.77664893864163,3.23293107768857
2.50332818083943,3.24773699773050
3.29461972711546,3.36068254752349
2.77482556660593,3.32575825395272
2.94217607567102,3.47802194699978
3.21218554655048,3.48742529982080
2.92058039626060,3.48304058129165
3.08784655196376,3.32674797723034
2.95210445424881,3.33296300358018
2.82449347140295,3.42303326910883
2.83209310003180,3.52288947396604
3.38740205062203,3.45644775500702
2.92185510944363,3.25224690558323
3.02767861603563,3.51712188790241
2.95023502375873,3.30672668169556
3.32565915626502,3.35818635306425
3.04291425260295,3.56458642788811
3.00209770923182,3.33270655960883
3.07305358267805,3.24213017961136
3.31937056366382,3.61977870048043
2.71572178397938,3.33779528793736
2.59848867281032,3.19877976666945
3.22158693817821,3.52136268220379
3.51593119276320,3.57816048361015
3.37196462125583,3.50325864076946
3.58919247682291,3.44128874049287
2.89043858451497,3.33974757997528
2.45116078584308,3.26846860235998
3.07043875933080,3.39359046125900
3.08867574268967,3.33653907987614
2.66354620444521,3.29563561426359
2.58911155365566,3.20499517921442
0.906314047637206,2.93301565289785
1.03674720787000,2.49083565206225
0.534007115919341,2.85514243282698
0.703300432547669,2.81714009223236
0.696095878006134,2.62393609103109
0.734375060200115,2.66845808067778
1.04243322995241,2.79812342356786
0.702086869477854,2.65301679640233
1.12541358299302,2.82224403233665
0.973080146434006,2.89859761308911
1.11563672207624,2.79590226708507
0.935297416971334,2.86520504081972
0.687696542231357,2.91538454488343
0.645134375676024,2.91042471594291
1.17504922942209,2.52308369160073
1.01998016802934,2.62391068187401
0.716352321761357,2.60317259961082
0.913141440768641,2.84028337508541
1.34340867916980,2.61516270367350
1.23928907153843,2.71244271888713
1.26384122006875,2.66485696225777
1.07278906598736,2.51016306203364
0.789587303088302,2.69304145668974
0.936924806744354,2.83998798513578
1.04227432043448,2.82392588964939
0.765290793126216,2.69217881485290
0.767056911268759,2.92524419085053
0.662347300592768,2.67430598643003
0.954517645225653,2.47641927858771
0.733288055162809,2.45723686224896
0.729719030953277,2.51370650110612
0.574945387458933,2.62416772114558
0.647219326636908,2.54282744687502
0.559813328510401,2.57539206541650
0.651435984184601,2.45837083175655
0.836551713666611,2.42666866057475
0.668604726896337,2.51928979461873
0.562745097011032,2.28362359541786
0.738618496139364,2.49471482271367
0.538337332664288,2.23874945272765
0.444236328775197,2.43519935622273
0.465970142251324,2.46115596862601
0.399390925357213,2.54931933955266
0.455393192162946,2.20705689044634
0.447632483766312,2.27490796115319
0.419707229783442,2.41064559779853
0.459318315918412,2.26738598914808
0.395806138777253,2.43084533114027
0.459320753821085,2.20078890938285
1.18489288406220,2.89104961299446
1.35343434971994,3.10983977713519
1.85193349670443,2.90924436015035
1.92035977839925,2.83777140501680
1.28759289481016,3.11821856227033
1.19329610042731,3.02191906029431
1.18812683675206,3.06471583930960
1.14460879804290,3.01853005936666
1.42423438798673,2.87153945319959
1.02512532052969,2.92928609724030
1.01173011305774,2.97850939934613
1.02989484857976,2.94205308726634
1.70797149415514,2.81581753678070
1.35102481120337,3.03826721627045
1.59489828790397,2.80834207241816
1.79841721598074,2.78219221277451
1.51724477561905,2.69439893736793
1.52837733379207,2.71429145177720
1.60569667170681,2.90606684640176
1.57287462193570,2.81354871379556
1.52365057648291,2.81480152969207
1.58932551817117,2.79658831751152
1.24429270516132,3.05372925104182
1.32348460925059,2.95586503268586
1.55245149836998,2.77460190516527
1.67789342820924,2.89660515717307
1.57432384015065,3.04126697819614
1.08598804597800,2.99120953077430
1.36600215128535,2.94037247808001
1.67596480556452,2.84940957869554
1.16935864879480,2.91554375381878
1.48718118992299,2.92947300921139
1.49146519029710,2.86529960856448
1.37792956749138,3.05159857544835
0.869559546646594,2.98713391337239
2.48506715847061,3.16079063347313
2.20227331925832,3.28338006042046
1.67254659141239,3.18235596910021
2.19223777731848,2.95635216562375
2.14024083470405,2.93385573874617
1.94031886742982,2.97441748455649
2.28872636397025,3.07954061822462
2.55367214095474,3.16781260561816
2.33259458576588,3.15583778527869
2.26488094291956,3.20576436607697
2.39213744037793,2.98838373600431
2.31776721051953,3.02330763035314
2.12625841895050,3.16764184248123
2.03058361780600,3.20073981693055
2.17984027322623,3.13169169014046
1.96438086644924,3.24445758419137
2.25865541175541,3.09929789023074
1.90660251139934,3.09170029921997
1.72179804454796,3.13961017589628
1.76630548663513,3.19413156368322
1.77382354617143,3.04041075048788
1.68613328100001,3.06222408138550
2.59946619937400,3.15570159324817
2.38810925455349,3.02369105927017
2.38202604710377,3.03970219603082
1.87075948942463,3.13511296687594
2.11178148010476,2.99204555110921
1.89391330895248,3.03377877274636
1.52044925150098,3.14901500383855
2.30574951320313,2.97601854833306
-3.61495461750541,0.698971801903465
-3.60171861642198,0.569180248963742
-3.56517292051896,0.691156003350628
-3.51069789768899,0.975190082327511
-3.59383659602119,0.944237238645838
-3.38488083250747,0.803695524853053
-3.41158086281954,0.703039087362394
-3.33959353844515,0.781183279815701
-3.54602803263786,0.901595459071526
-3.42176705284841,0.667033217036187
-3.44089225429029,0.724817347646244
-3.49739632746504,0.579158354840031
-3.53541283154082,0.469985242683256
-3.43060012272005,1.06219833789272
-3.24062410415537,1.13425032750324
-3.29769052455088,1.05137539658729
-3.12607907436609,1.26598542703212
-3.20497254022007,1.11997715854265
-3.22273831062293,1.12929809668221
-3.19435658735563,1.08942973263003
-3.40677762292849,0.954420651229550
-3.27115314005533,0.826497016148946
-3.34278845398679,0.897143762280602
-3.36428830745866,0.987147752608317
-3.10685285936973,1.17823133973879
-3.27601178136148,0.620647583036531
-3.24478544254373,0.612555362981959
-3.39569058782236,0.443145966241245
-3.61591183235792,0.848062843261170
-3.20187929127982,0.657767621111599
-3.24304204210137,0.738449436035374
-3.34364389651577,0.726765619758572
-3.29361418982081,0.728222247581766
-3.24231817715289,0.574129368387439
-3.40814902080047,0.834654239730775
-3.53349570826986,0.875023455237556
-3.21094444701257,0.993635888289728
-3.40572038071402,0.753382700581978
-3.09866040031228,1.11837629722590
-3.44384500229443,0.832524097819442
-3.59187088672418,0.552083695374153
-3.38500877896378,0.662816145525930
-3.11528034155296,0.687447346204261
-2.99847619143692,0.861059860184900
-2.96817754897494,0.674578098353144
-2.78529275647022,0.620957115757628
-2.83571965781948,0.732980598533137
-2.66330945013777,0.634052116283076
-2.66507080785306,0.629214546324757
-2.59404768794949,0.686422806569052
-3.08880917199744,0.527073304140310
-2.89133584613289,0.655537705792916
-2.99076699130133,0.597658864243134
-2.89508111141757,0.465452676693228
-2.99566540777160,0.543083257781723
-3.10160382994946,0.371792307132192
-3.28196602151449,0.415277884059593
-2.94714786898336,0.530836505527772
-2.98317109393143,0.371149106433439
-3.10961729154550,0.615970810314359
-2.97192344528071,0.642392551750268
-3.04722535431853,0.600094741706087
-3.07288098526150,0.691640466250904
-2.99706569849293,0.600347956464518
-2.69654245580915,0.634960570950462
-3.01461225355260,0.667085092548273
-3.36104354315691,0.350341906741099
-3.12791899165709,0.0911081487475358
-2.88900800669144,0.181577687443350
-2.98411319608886,0.0141285252139310
-2.60133265056888,0.564229148332183
-2.53794974152399,0.658584617613187
-2.58597048422209,0.563247546922174
-2.59493484521852,0.561092225678253
-2.66596202972124,0.378376228169405
-2.88963818881199,0.424568883818508
-2.66290554054182,0.523553389430468
-3.15787617997097,0.377179998467571
-3.09814556144311,0.0573278433564538
-3.24281880994995,0.243837180375906
-3.13458858656396,0.119799271354290
-2.89383946192173,0.310411552590841
-2.87317666977022,0.330659292080068
-3.30927802659417,0.446039457129128
-3.07792320940699,0.133646778854377
-3.19208895140986,0.174589891128624
-3.72129374369337,0.548849812051047
-3.79487803483536,0.696338037077300
-3.62481149396413,0.546879488698590
-3.74132519997048,0.693964279779899
-3.83926194082019,0.685979400007651
-3.61348379543320,0.237573822978384
-3.52879848680460,0.123406096296672
-3.58716571426506,0.259962565228877
-3.67447864564073,0.277637524739145
-3.48550670235706,0.0404020264909850
-3.63179403462740,0.432786788541012
-3.58616818162639,0.324521355157657
-3.52033889703027,0.181468136957045
-3.71697403146739,0.392134560000768
-3.73734852367163,0.287614603129869
-3.67693809261955,0.242991908458473
-3.65018520948355,0.424486081821322
-3.72815945289011,0.0226387494807875
-3.78211409088630,0.203160306751210
-3.80377393109913,0.613423040209631
-3.78661293756124,0.229984896752277
-3.51338497839654,0.295433467437466
-3.53086013327461,0.0559622381706625
-3.50142894712625,0.0306162524380642
-3.56791954366261,0.224501929572081
-3.53263340180998,0.0127053866448768
-3.65824226372615,-0.137399107249647
-3.57282039864732,0.208894278105784
-3.51188737261314,-0.0604431476644782
-3.91179950895886,0.174182181907051
-3.90830076663920,-0.210190423286882
-4.01059895180523,-0.117221314502634
-4.03906024687753,-0.232365577378641
-3.98765774767887,-0.153382292725174
-3.91025412701070,-0.0564460068224584
-3.97428387617857,-0.288992027551285
-3.90053439605564,0.0408434937993017
-3.85337243821979,0.190694226295969
-3.92380155705520,0.00125008516738273
-4.09000856639674,0.00689940373270226
-4.02871617292986,0.151550044549304
-3.97331613602553,0.353477611442798
-4.04321970153144,-0.192398873792020
-4.09559656311740,-0.149874483921205
-3.93218896632459,0.238752717402280
-3.66513885094699,-0.296593880946027
-3.75279885407006,-0.313972828386058
-3.83602289211680,-0.187807615361997
-3.88528790510300,-0.421557338571270
-3.92607200438619,-0.585777628300622
-3.86479844696326,-0.444899931866079
-3.68596911645627,-0.192722013449559
-3.79014764009261,-0.167079224422136
-3.79420435827078,-0.0876490172177007
-3.79993040930836,-0.697674516191817
-3.69968497518865,-0.804643834530585
-3.62917478177425,-0.818216289831146
-3.66235524893970,-0.704269388778733
-3.57704152288353,-0.254004510180568
-3.54512986655043,-0.564393512449336
-3.64017329806011,-0.386485234256599
-3.45791605868998,-0.453048129031645
-3.44039798568920,-0.856776728747477
-3.53576716852890,-0.933410162902091
-3.38681534300587,-0.825268879594287
-3.45189275162937,-0.793322236696579
-3.48894699329034,-0.869015962365524
-3.36132659089595,-0.867534864741544
-3.48953584343485,-0.981095494199769
-3.44361084601370,-0.736108098196650
-3.53445299185058,-0.951604003179337
-3.24926746770385,0.154650203436882
-3.19937100974448,0.106850068299361
-2.99914213868608,-0.201878084023875
-3.20992408082835,0.0715300286097797
-3.39138605568340,-0.393527956982235
-3.39555234535085,-0.106727339423740
-3.34619060232763,-0.223736428394380
-3.33923747318170,-0.169987005311460
-3.17211360729086,-0.161367434414456
-3.37754123724944,0.0709777740957593
-3.40327193842643,-0.0542284614465239
-3.34223793801143,0.165460966106325
-3.40280342988865,-0.152562318610499
-3.39683014792351,0.100907236132420
-3.20838264126067,-0.176278487508862
-3.25129611948338,-0.0397148022593638
-3.42277203571385,-0.328815516595879
-3.33257351201727,-0.109754952817386
-3.21845225706697,-0.224309855775464
-3.33067327745414,-0.0305538157998981
-3.20488140713395,-0.0216408837097355
-3.21025229398860,-0.0322544815345596
-3.34832423086724,-0.291683744823668
-3.24421798828744,-0.690265479628569
-3.14383027142223,-0.223147911855663
-3.15576344551594,-0.425782318270713
-3.27508688140617,-0.563448695811616
-3.17141092938673,-0.271868537551933
-3.02940206559734,-0.274759142499226
-3.19088032038601,-0.490118853403025
-3.24751126215426,-0.623798034428634
-3.33322026555276,-0.523650644413184
-3.22929664522776,-0.432711884703741
-3.27781851789084,-0.401579695348627
-3.25551279624783,-0.353834626604608
-3.27039382062384,-0.461111924607565
-3.25097713239104,-0.642709002456117
-3.20625877152331,-0.0246378707059633
-3.10719773864427,-0.218103274647958
-3.26043432820078,0.00137915682913259
-2.45701410637370,0.563454808795295
-2.57459337078331,0.333307563650284
-2.47477122360807,0.494066102885588
-2.52145849476769,0.469214120349276
-2.50918618519751,0.449906876858547
-2.74042029475376,0.142266949912914
-2.54023129363463,-0.173996922127146
-2.30904358567981,-0.211509724553130
-2.41762351164360,0.143734250174310
-2.38300856934541,-0.179045009662605
-1.89151103990626,0.0813301228631678
-2.22014641241907,0.407273947502232
-2.52106262613797,-0.163961434879345
-1.92414644748516,0.133157423528486
-2.14724090769228,-0.332238991395224
-2.44964567320543,0.163111729581801
-2.27870962045697,0.199381615316104
-2.66729408594483,0.0662716611415050
-2.36372988382144,-0.546684896528866
-2.30150097548868,0.581680774500574
-2.42530881356515,-0.129646671781861
-2.51985349803692,0.193703263753517
-2.04916992831354,0.418453664114442
-1.83833239203530,0.240609472033349
-1.86902066174945,0.166886411113928
-1.99886948113315,-0.0262039668554689
-2.11664312596836,0.247090163170209
-2.10192403289960,0.533064329989599
-2.42843163816038,0.427496260334445
-2.19348822415922,0.564646638243842
-2.02997589134636,0.568251671711508
-2.19966543175613,0.522923416719845
-2.18112840316999,0.565536250232651
-1.90226912599206,0.357704052920572
-2.01770708855055,0.284349080728404
-1.97042141802333,0.488185879316612
-2.22932145468498,0.502922140181969
-2.12290528008362,0.156556854311148
-2.18335459320352,0.123988093984371
-2.25201703478723,0.307342006300613
-2.55575211663200,0.144241563432974
-2.29815187812419,0.563214283506384
-2.14753325280991,0.404453688799095
-1.82056010061328,0.436332570993548
-2.40388854411809,0.278910464878904
-1.99251698971488,0.309295287680453
-2.59031242781989,0.209505342360420
-2.13588356814448,0.334524870123113
-2.30041067689736,0.176742877095103
-2.33539442187473,0.218608486480304
-2.30816829369111,-0.0192018205165689
-2.60478556787601,0.00311980708655593
-2.72385990075306,0.0243420777179332
-2.57439848000393,-0.164342155380794
-2.58698545140808,-0.0286574328478098
-2.35283643614634,-0.188037642537023
-2.42535413454201,-0.253847378507071
-2.41155590449093,-0.376028795444966
-2.59949419667826,-0.0906679559837397
-2.43216073857921,-0.377729076341191
-2.14931501907711,0.395695911599555
-2.33201122072070,-0.440344501903036
-2.00927795079800,-0.0834237484671013
-2.29788961613247,-0.451403543660208
-2.43715998111794,-0.530989611067886
-2.20495533531912,-0.327146719672853
-2.38174752565173,-0.644099054023586
-2.26146284261368,-0.0834443575994348
-1.83369645423915,0.453996005272760
-1.78560134096595,0.493064923277482
-2.36341383844018,0.169518165811086
-2.39246624710155,-0.400283444421882
-2.28230088189377,0.237777741953020
-2.43238134387967,-0.0909751268098872
-1.86807524947279,0.509646513545100
-2.30783263511393,0.446610182376753
-1.81762100170816,0.394926106983394
-2.18436076263371,-0.274696566784796
-2.22442559644420,-0.140548713178028
-2.54225796446949,-0.174469758796265
-2.20055263913375,-0.238595100255618
-2.45416829033353,-0.309248268717923
-2.56768091165226,-0.0296872302445713
-2.16509883091955,0.409392207668461
-2.31900885487167,-0.422590213389207
-2.12439718660486,0.508174895784069
-2.05599225859787,0.339149714807471
-2.42695417830175,-0.391880815420219
-2.17854072725053,-0.275148427029239
-2.44859248884957,-0.316649563367102
-2.23597059699197,0.0337349753182811
-2.53040258853221,0.248922914485839
-2.30664424666466,-0.391903455083068
-1.93714089764995,0.306574443846989
-2.21520751184442,-0.341460773222663
-2.27850566938017,-0.424507543199394
-2.17386130410731,0.465086203467221
-2.42884275997691,-0.254197075014277
-2.27858150433212,0.0740140306673547
-2.27003404873892,0.292967364334154
-1.92922174938052,0.609617173420690
-1.89791574568426,0.591919032227409
-1.96039254722676,-0.162104161810408
-2.03184315144325,-0.488164674405326
-2.23616809228556,-0.568347815546086
-1.83492139788814,-0.337336019740574
-2.25485434967014,-0.792008959944624
-2.17221490451220,-0.726404336964922
-1.81930595093309,-0.402784673596194
-2.26586165096650,-0.753714967507427
-2.01917462171315,-0.456583927475570
-1.97092250203872,-0.478000422721289
-1.81157071360916,-0.348154931726861
-1.92164317934076,-0.290733476726955
-2.05821848725015,-0.595830219697559
-2.06882357081430,-0.549604843633187
-2.25607750235997,-0.808412678818491
-1.99493480818094,-0.272133513676289
-2.32654255378879,-0.674409595220667
-1.90953442919998,-0.597209458543270
-2.00546233291706,-0.692700626921260
-1.75996907252787,-0.629046859576215
-2.07526556011874,-0.743214241977949
-2.06708622853302,-0.862751668310737
-1.68037647236535,-0.692254676600286
-1.65179424159882,-0.689515361285488
-2.03966809017285,-0.929802861892020
-1.76513099453867,-0.893834292381972
-1.85218541954154,-0.789635691567554
-2.05057752261060,-1.06544297223657
-1.65525626938935,-0.740482303414662
-1.80879525907316,-0.873490279199592
-1.97383194531209,-1.03488008420203
-2.01820154156170,-0.943090283887545
-1.98908542125018,-0.953166067651420
-1.90891986606307,-0.693815635436408
-1.71038741189822,-0.714044012799011
-2.18414504530281,-0.846706432013648
-2.03148538629076,-0.808796233579614
-1.82693838507398,-0.853384838539340
-2.10351776078284,-0.410110287360106
-1.97254311989207,-0.255653770074156
-1.93896652052545,-0.591635323490263
-1.97558951045437,-0.694677745406627
-1.97014980451977,-0.347048619448281
-1.99224606818702,-1.01076482585429
-2.08098023373776,-1.00697523215646
-2.03216296115619,-0.536211354599628
-1.97120882877884,-0.843529665742455
-1.78914663705598,-0.448657831930710
-1.81343438768296,-0.500104675861072
-1.96463060683811,-0.552531465402911
-1.57773708180426,-0.774244117546653
-1.45588237431108,-0.921146611120804
-1.56265274479199,-0.892431924452374
-1.54713034314725,-0.885846887603211
-1.65554846146066,-0.818557248401686
-1.73315901311931,-0.931273159174826
-1.76009644476601,-1.00956317862021
-1.47435922660257,-0.985494213654068
-3.19381730290172,-1.08424739274214
-2.93270545501479,-1.16334588210866
-2.99578512279571,-1.12924695594345
-3.24929417827709,-1.22710737902806
-3.44510006588768,-1.07707799052156
-3.09331133646384,-1.03581964831586
-3.31539696736902,-0.888668930353241
-3.10878969111882,-1.00256739313071
-3.20950806077519,-1.09568580229744
-2.90590730270678,-1.11880531082907
-3.13176107334833,-1.17615686124464
-3.18020091415661,-1.20088934437986
-3.00085094534522,-1.18385985049586
-3.04774708276117,-1.33039870238242
-3.02849365299706,-0.927886866296152
-3.11113902310729,-0.849906979681074
-2.84178235050222,-0.943107198108077
-3.07696873194843,-0.679615610978580
-3.01714302085566,-0.760616612754584
-2.98716990587387,-0.805509238666561
-2.85394396730859,-1.02680312168446
-3.10139814500311,-0.750239542911633
-2.91900585056271,-1.08712093310996
-3.03968335832253,-1.34353814813115
-3.25497456710608,-0.996778682639723
-3.24614114080966,-0.992402751504548
-3.01534454104211,-1.38247538248767
-3.08466332157173,-0.909297155638037
-3.20835589384977,-0.785618273095336
-2.88035725729148,-1.16422998660420
-2.92771330337790,-0.966678221287829
-2.80255145447953,-0.941614502921951
-2.81319343530492,0.00484362057432597
-2.71403039979582,-0.175014109395124
-2.72489888149748,-0.771245623506089
-2.65100772610365,-0.763286080473665
-2.82794613777357,-0.363988879138170
-2.87665174013196,-0.512421608450363
-2.95592992742909,-0.325485772994832
-2.79882479492669,-0.324843213120371
-2.93837747984631,-0.385021458738910
-2.75614198913640,-0.679789282132778
-2.85301481707011,-0.642033525958674
-2.72359234117628,-0.457555540748872
-2.72211956782771,-0.520781902594872
-2.79244209803574,-0.435454390207104
-2.82612382856656,-0.419933098021449
-2.82002480123392,-0.337669967287146
-2.99023889877602,-0.584597420197331
-3.03401275932581,-0.412861231129645
-2.68184365545927,-0.257021844946918
-2.68991877067569,-0.261604974461109
-2.78877422335678,-0.0597856777962307
-2.93463316785383,-0.297733064055059
-3.02111514202009,-0.526625676919527
-2.55050807722844,-0.614014846566104
-2.85224095295850,-0.747652429150640
-2.75962475473971,-0.602309590826343
-2.60180181164686,-0.330462536999527
-2.74609097779905,-0.443753221782696
-2.82533866642623,-0.684200253986395
-2.68245039471264,-0.609000279929448
-2.92354010334563,-0.261377818423354
-2.78142980664231,-1.20246355425501
-2.61851461829654,-1.22206377092502
-2.93476057820164,-1.35773791103268
-2.89240942785770,-1.40499100976572
-2.86559379539546,-1.20680545756511
-2.87245484901187,-1.45160974589834
-2.64217563655875,-1.09041080766244
-2.60187976094063,-0.982526459082097
-2.53999099529869,-0.900553547605883
-2.41479600148305,-0.815552286797958
-2.23965783521442,-0.989698484734137
-2.21046323801158,-1.05352203167665
-2.16911772761254,-1.08105498044767
-2.23700984304302,-1.01964733518567
-2.28415405950785,-0.905733951112112
-2.20375125246392,-0.964164040529236
-2.57283257926194,-1.06912134435627
-2.65975497765986,-1.19747880009634
-2.42178364433855,-0.968254576646876
-2.48790069270816,-1.24006417625266
-2.47847530126716,-1.47270774841469
-2.50422412803048,-1.21692364216856
-2.44371268051963,-1.05394855761061
-2.50227816994181,-1.35653949432403
-2.56772633090946,-1.20164161898871
-2.37558769738652,-1.25423848220035
-2.58147253229911,-1.56890620964484
-2.55061142778136,-1.19176485579082
-2.70951659246465,-1.50459766750417
-2.65358762822565,-1.53337505007287
-2.43747127420709,-0.768018207452340
-2.37880362473559,-0.815978286360542
-2.52997236521213,-0.784781615917569
-2.17924286908421,-1.04660658305608
-2.46889072077959,-1.46914448153486
-2.70559024918040,-1.17370668379704
-2.47113862248979,-1.26359083132729
-2.53083288929840,-1.12581866160756
-2.87068192072375,-1.43986280971585
-2.98749110326590,-1.41495783693557
-2.34062038419855,-0.906942695699623
-2.50107628899587,-1.04754317027258
-2.43014863836757,-1.08558024330467
-2.50243878123680,-1.09874572090636
-2.51485949621019,-0.641747352344381
-2.52249788005640,-1.47157883399822
-2.75430516916293,-1.12160184376526
-2.39159405594814,-1.30670549218946
-2.54665629455581,-1.64378980575776
-1.66535044934856,-2.03437494075741
-1.84589789039991,-1.98980353649870
-1.87940889018366,-1.97597106479320
-1.91179651420133,-1.94884629571782
-1.85321700671234,-2.01708613887127
-1.10087511271700,-1.94810627323182
-1.44701740169459,-1.88538909605826
-1.23202663865434,-1.99766691120020
-1.60118434846713,-2.09526423939513
-1.09866604791087,-1.99561778145291
-0.940991407727210,-1.97609861244167
-1.37142209080127,-2.08016713507499
-1.36602777471130,-2.14980079942507
-1.10002636445583,-1.85636733129446
-1.72694533500110,-1.98468328201742
-1.18200885078040,-2.12731499665942
-1.33914577234589,-1.99310191918420
-1.30815966553090,-2.17827279081178
-1.54620594875816,-2.12869951835556
-1.11176227972908,-2.03567513067846
-1.03250138052735,-1.92456948611662
-1.46920192656124,-2.10447173585088
-1.29435893166533,-1.75814001251468
-1.10786337027982,-1.94695697253483
-1.13569808237730,-1.86873474309098
-1.46404567828809,-1.82116992155858
-1.67851201536715,-1.94727766330085
-1.57526732815855,-1.76601555559731
-1.19327711648550,-2.02806276857027
-1.53436344246465,-1.90080807955613
-1.65551940297306,-1.77600672399028
-1.61737307168944,-2.02430033257579
-1.10518195447084,-2.10153467959022
-1.61397501058423,-1.83220588037455
-1.38110147970290,-2.05515659692022
-1.75829068396431,-1.88000746769766
-0.988287061969240,-1.96237577499048
-1.70488012236891,-1.80195849231206
-1.29905056236091,-1.99266522144721
-1.81967156261613,-1.93575131651413
-1.28322080351770,-1.98496584688038
-1.46061054157501,-1.73059775881286
-1.13363462865900,-2.29158881820849
-1.01349114373439,-2.07402042161530
-1.10719390872855,-2.23567022782627
-1.17527192055307,-2.18696695281199
-1.05174577086893,-2.16106084806549
-0.740700318298069,-1.77336974530066
-0.888966392645704,-1.77170327285898
-0.606081163295762,-1.63293122979564
-0.789683949475735,-1.57886827425218
-1.02199737121487,-1.75682595440206
-0.671203799243607,-1.60536263078514
-0.771396407843231,-1.66833732408201
-1.40065942598261,-1.62575056386913
-1.22549119431922,-1.50223918619220
-1.13136896693536,-1.45148947866616
-0.917791835274823,-1.58211781066476
-1.15388686162198,-1.68584652166382
-1.03864639850295,-1.42593298360873
-0.875366947638925,-1.48291190501054
-0.961128769803276,-1.60922147041054
-1.08616321571578,-1.56426137183025
-0.903116137553149,-1.55690399409329
-0.943442307570421,-1.48585952897562
-1.26238474679550,-1.55183771840378
-1.32481824401993,-1.47463940568949
-1.66078351484263,-1.26283357665226
-1.49630254624529,-1.46905137564695
-1.15106014395421,-1.36417290618548
-1.79569917492282,-1.17618410335879
-1.42711400758745,-1.01846172194205
-1.39298451030092,-1.33689210210260
-1.29652386916352,-1.46078369343671
-1.63998319786167,-1.27064579175810
-1.39874527133070,-1.43239673377565
-1.81516712669572,-1.30315328769834
-1.95810806037847,-1.11988939954289
-2.05527571038046,-1.23889545126111
-1.71522609416702,-1.41064549980587
-1.63056351873998,-1.52901562906889
-1.61183400281016,-1.52772903322825
-1.89715402476295,-1.10547428520895
-1.83007639437645,-1.12697294151318
-1.72737179117551,-1.26681217861243
-1.48101204834947,-1.47098929559581
-1.52205077852885,-1.25649635457506
-1.13005267954494,-1.24829549549853
-1.11341398259610,-1.26838149189342
-1.34346398251406,-1.13757445308628
-1.50898678960587,-1.18576068145486
-1.63615578186216,-1.30362859257131
-1.45306984317333,-1.24314462154540
-1.21795550108222,-1.41933553545365
-1.58688712890414,-1.08074307791803
-1.60398984511735,-1.04434504851558
-1.64187331218243,-1.22518591446049
-1.68703037848685,-1.34822552491880
-1.66712155454433,-1.23594780695675
-1.34465202044142,-1.48295238272695
-1.73233234561551,-1.24544900599253
-1.45878879899745,-1.34751820986194
-1.12699719587208,-1.26381908364963
-1.37866805717074,-1.50765245216826
-1.29251374815947,-1.12272572150511
-1.95202372083200,-1.15761369887316
-1.64380232663242,-1.43068503030741
-1.64593256000525,-1.41802390938049
-1.12067029115586,-1.31983041653982
-1.45080914652558,-1.29676469146757
-1.73563506697781,-1.34949836099775
-1.39619241311126,-1.06738605056860
-2.36845864564034,-1.42495018845368
-2.37007270415778,-1.76480902156833
-2.22704738438979,-1.66361448153623
-2.35216943504497,-1.78740699117368
-2.24818404124089,-1.80613881731908
-2.32438846171036,-1.48814090164858
-2.21710070483551,-1.74994763656739
-2.01437977274103,-1.42734119503660
-2.14481129101886,-1.63365619580757
-2.11330455740395,-1.39842282904788
-2.14564744758782,-1.58033119016254
-2.21596226289912,-1.28655497553092
-2.17524435077690,-1.42220833783566
-2.29383710173037,-1.40021443910906
-1.88676798391926,-1.69969734890172
-1.81470301897583,-1.59832931780587
-1.95436593795058,-1.71479687870644
-2.05695045336245,-1.66115747185704
-1.73036348599841,-1.77845444238337
-1.93939267969395,-1.49022009636553
-1.78556013450986,-1.60198739664314
-1.92216612940655,-1.84753663533524
-2.08891914617432,-1.84355158930812
-1.83118050173927,-1.67604116428122
-2.00395004997232,-1.70780602898722
-1.89306121286977,-1.80770173107626
-1.96017617890795,-1.58056709733647
-1.97266959090230,-1.57692567951319
-1.64077083066166,-1.57616510330399
-0.240117884195379,-2.32766629121357
-0.507096850707698,-2.31004190671088
-0.608779579573471,-2.36333737217688
-0.424743079616706,-2.46059777991660
-0.432401731646317,-2.38260121530798
-0.499272310955149,-2.35283071128095
-0.623994015992013,-2.43674924244796
-0.575361668317377,-2.44783429420061
-0.470124423783312,-2.35233147884532
-0.557575661047297,-2.48160753463368
-0.515526828527094,-2.42828274295499
-0.648976960443744,-2.47103024189040
-0.278632777736090,-2.47307927743999
-0.357768790261443,-2.51341294433007
-0.716452271767080,-2.12720288870331
-0.728138637533955,-2.19231236636011
-0.801917404897728,-2.24655687266778
-0.885571866245081,-2.36136965452317
-0.717612267783333,-2.18158404073643
-0.894134185665435,-2.05346344242595
-0.890115863722538,-2.01738081197938
-0.863345581799443,-1.98253572249696
-0.614399990136039,-1.76018100054358
-0.689518846913236,-1.80749053193105
-0.137586616382623,-2.02405826244235
-0.120450133301941,-1.98541889239090
-0.649345289899298,-1.82908337057120
-0.264625687457039,-1.93422011537674
-0.358277899608784,-2.00871633749755
-0.521976935841350,-2.08016231797799
-0.512363771800295,-2.10985113803316
-0.175148162651425,-2.32651180493030
-0.500648089611515,-2.03514825399411
-0.453008003018979,-2.00078593717055
-0.380532658263357,-2.05042576831311
-0.369234403954342,-2.07285002031807
-0.173297569026221,-2.07806306214718
-0.237899206082604,-2.03555817832080
-0.306485692612692,-2.06489547194625
-0.439574723687378,-1.82264598223134
-0.529349288361294,-1.85985244904811
-0.293207478311250,-1.80985968862864
-0.156304605590107,-2.05449132957619
-0.430507526902531,-1.97746582115925
-0.251295016253939,-2.04769093432895
-0.394651033745817,-2.17620069647363
0.0516559671571026,-2.02140001848309
-0.545232844077224,-2.04963591727258
-0.544296037045039,-1.79855585702363
-0.495233602933126,-2.08875243534528
-0.0138990228170718,-2.13270267950987
-0.0485053209781181,-1.99737977680841
-0.000144486536177879,-1.98415342363417
-0.217265706612992,-1.91639864358661
0.158917753298158,-2.14076347262158
0.242063177844265,-2.68987193534469
-0.100850611679639,-2.41511979498263
0.0492617129144333,-2.30783499447341
0.393189841601924,-2.50113788806630
0.171273545638000,-2.16503057439804
-0.0122645896936853,-2.28845747934639
0.0572082110622643,-2.42176918940078
0.0937394534914730,-2.64937408627037
0.466878414233564,-2.63767598118156
0.338402598950465,-2.50295184952066
0.0831392192528373,-2.57163209381508
-0.0838052256983377,-2.55165039051989
-0.0967920453990108,-2.45928666367130
0.216131054250426,-2.61814143949933
0.201813974094980,-2.55844754320524
0.271544582849107,-2.72743192823057
0.0960595411676195,-2.75181229422261
0.194434454405160,-2.72491217270369
0.299393012799111,-2.73647297888822
-0.137203058972886,-2.63883638302295
-0.171132528100286,-2.44673228521958
0.335652675355012,-2.83554526712711
0.392110460015098,-2.77631348997383
0.377717460705739,-2.71689769194745
0.381111919365391,-2.82662702395555
0.419390344036926,-2.43423282767089
0.0967443278381631,-2.40598229929088
0.185760612538569,-2.38210512661701
0.199131918391546,-2.37671571640814
0.0660692445122979,-2.27440615105725
0.0499289465247496,-2.15971924693150
0.0440501893484482,-2.31907346273265
0.456629676283682,-2.50343263693522
0.423191448023545,-2.51188638410581
0.452540106217203,-2.36924000148309
0.362116912598883,-2.34928037351768
0.211257827479171,-2.31631576591904
0.279337087842454,-2.75351918951045
0.0766085515382946,-2.15499344626406
0.257132222934712,-2.64046615809648
-1.60097671900723,1.34391106193524
-1.10087050404940,1.42627088667131
-1.28130832960362,1.54765268784979
-1.68246197673135,1.41605015909475
-1.48413598712879,1.11708749744978
-1.63936448707998,1.29215186398770
-1.45409351197695,1.17853258910873
-1.59867167331205,1.25623666683128
-1.54943280496871,1.33979943965342
-1.79655992632382,1.42249358138595
-1.64440652016290,1.29073212613747
-1.48843674240999,1.18195263149882
-1.80918896390213,1.36311288384322
-1.26297355108297,1.61141451672267
-1.29953417046194,1.54720680226036
-1.36625099545565,1.38968316939397
-1.11184910959097,1.58467214018559
-1.25338989660469,1.60689019316103
-1.43377976868032,1.29997149016029
-1.25792489326518,1.57784953351439
-1.35237074771325,1.30888844197856
-1.16358235590559,1.30417258510055
-1.23501049663563,1.65158130634316
-1.24457817427611,1.52073260738214
-1.39406666320336,1.30075345126931
-1.25796044350869,1.18020554355294
-1.17723341201892,1.57328937298066
-1.38657488088793,1.22691576197667
-1.22598913347022,1.21499629061802
-1.34661344321572,1.34887403630309
-1.33083448058626,1.16628255763494
-1.13469506387840,1.46881281898325
-1.01345316821300,1.37286957873276
-1.04900091371596,1.32736867642246
-1.28645994353618,1.69589023263716
-0.961467591467590,1.46600308302982
-0.955717982838278,1.54087863691485
-1.20476323652413,1.67436981468791
-1.27289407985841,1.61283972053492
-1.17386551142343,1.22804945626088
-1.33807687901042,1.45635220614676
-1.32873360973542,1.40911047657839
-1.36749245825091,1.23549840088407
-0.967891547851359,1.40384908796244
-1.85353440214867,1.31049171745117
-1.01193174974240,1.49429609775811
-1.11053674787126,1.38527553754379
-1.67823032977216,1.54009157318462
-1.87058075338696,1.42310556935799
-1.94227486173073,1.70576852078836
-1.84682453141671,1.70071005418058
-2.51577676622933,1.67656650713410
-1.77225131029825,1.73688780561029
-1.83598348703331,1.95824868799464
-1.76940821302625,1.59725867767538
-1.61681464889157,1.87885694178728
-1.54930902718051,1.80958664073480
-1.68030645596109,1.71177190650195
-1.43117641801882,1.75705449206967
-1.49839958516755,1.80808028342255
-1.37389166938549,1.75065569169007
-1.60174748207484,1.85065876627234
-1.57828045697112,1.81565838902509
-1.85160206998545,1.74040192682827
-2.36682131748915,1.64061961552529
-2.19322438912542,1.47374686706339
-2.40123713542559,1.71153910196578
-1.86897870799281,1.48329653029833
-2.17992446665830,1.79017846636283
-2.15499399764527,1.58776181575493
-2.30576540914900,1.64128343098197
-1.98617553657577,1.93535582964032
-1.97631927550461,1.39790457346128
-1.98388751196807,1.70741325438170
-1.84454059727305,1.58036940698902
-1.93924362910037,1.80086697455578
-1.87973453837282,1.58282803721960
-1.91243496558248,1.76287194905448
-2.32572044297602,1.65305054053729
-2.05303542432277,1.58327185543479
-2.13285252952582,1.56748236969215
-2.39255468617253,1.72375105690655
-2.10715076755471,1.90054513942546
-2.02637973556394,1.43085194965354
-2.35986412053630,1.73506708441032
-2.35310277396900,1.64460554525315
-2.05669008596943,1.53592942389946
-2.28846850861940,1.75677640358543
-1.33055245133693,1.76812705790705
-1.86548789246458,1.87503257401661
-2.24192833646638,1.83017402232209
-2.33765614411667,1.75023993748863
-1.94161313776205,1.70438801237209
-2.07193173514169,1.46428035255303
-1.68370725264311,1.85882226762134
-1.89746028890246,1.69605131276743
-1.50555048508469,1.77514924041089
-1.71130998282175,1.92365696718985
-2.23301407444398,1.80971970166477
-1.88079874613269,1.59679480633762
-2.09194415537669,1.87014781101120
-2.49283863423025,1.71842340604548
-2.03721743972915,1.39516314060123
-1.93719248545322,1.94195742062205
-1.48751399394595,1.83341821307541
-2.30274961172373,1.56658003831316
-1.53288522946028,2.11919283103768
-1.54960814845441,2.01699757171882
-1.43251062775191,1.93075192673182
-1.45681783215857,2.05240861760589
-1.46695227979841,2.11596094686645
-1.41314033680217,1.90808087159866
-1.57511447808519,1.99587239176037
-2.28887356736511,1.50889955213657
-2.55637317689314,1.65834566696105
-2.82405880552250,0.828998986465855
-2.90708907195313,0.843985963631326
-2.82242145761860,0.833030743848541
-2.98111499296830,1.09651771796919
-2.98947007780958,1.15987166163861
-2.86454667514304,0.852939455261185
-2.78658431512980,0.807019156707055
-3.00028368187444,1.10168641057152
-1.87586035410491,0.611218303178474
-2.94823170830184,1.19268814343929
-2.69285087560310,0.809335385143725
-2.49454154035344,0.769134479092272
-2.41078657018654,0.738193935251042
-2.28769481434106,0.701375072954050
-2.59891520377010,0.874919375911152
-2.70498244682333,0.965222792299541
-2.58450148381275,0.940749001057548
-2.68901279952063,0.818833877053925
-2.38927051556810,0.737323622564330
-2.45731842400962,0.873914790215524
-2.95486853943315,1.14362506955303
-2.76675616837966,1.14270128343610
-2.80402531048533,0.997619865125316
-2.46560094196311,0.840734669076297
-2.67662838775885,0.900627877135100
-2.40405623950231,0.874050525736387
-2.60808511130556,0.907519876509847
-2.93378842803639,1.22821230276055
-2.64478226883160,1.00271075135208
-1.77623720229058,0.696883178797032
-2.21571814422037,0.903684006442607
-1.99182457406224,1.33531701869593
-2.45113140157279,1.20002896257389
-1.92974315445706,1.21696546477868
-1.90165237871106,0.948243678485770
-1.44339750575082,0.933402076132282
-1.60904155866400,0.972472521344314
-2.26799873808613,1.00963038663214
-1.65496740995938,0.942124838615466
-1.53234375431655,0.836524736791715
-1.77849209786047,0.753658933890395
-1.87085617241336,0.640654679123666
-1.98179352787167,0.703815590675001
-1.72958078921614,0.859190606487480
-1.51449264087906,0.892818491127098
-1.87484887725087,1.18246519482484
-1.43127705019457,1.01322708169159
-1.83767361934702,1.06582764794302
-1.78865742435507,1.14012838114206
-1.49057124004915,0.933891707854858
-1.55677238778404,0.969903855552829
-1.81184189131046,1.04783295296087
-1.79712881735939,1.16865073447922
-1.68350958537473,0.898752991413523
-2.75206679786380,1.48478500689240
-2.47358576228620,1.02487245355230
-2.23808875441174,1.12023360505691
-2.64686095312394,1.45039028871230
-2.32806750964680,1.23366572648928
-2.46482091011275,1.26379154275752
-2.43597903399012,0.963671400980585
-2.27437307584115,0.854060520780475
-2.47021980518000,1.31523223037319
-2.44701680041238,1.15421544153478
-2.07021226092745,0.796237074702110
-2.75774357130487,1.18252688311215
-2.10584297456921,0.920258483355616
-2.68855996204669,1.29957204517486
-2.69049715075026,1.32291265975044
-2.37618379108886,0.935008259220170
-2.44516016105449,1.00345981529458
-2.05108361015987,0.924295983822381
-2.62223690846390,1.18900581020344
-2.18132770911684,0.871830360945408
-2.52893871248885,1.25684862524366
-2.64037268867173,1.36670067337448
-2.39371101677037,1.19994712423113
-2.66649196737769,1.35540027784934
-2.54653139424567,1.36391387136171
-2.49641991805180,1.46595263586894
-2.69637302196039,1.51786549747687
-2.58592653212214,1.51113823384183
-2.57677041815751,1.41819649156777
-2.49683236237294,1.37200913581381
-2.43501441493843,1.45544570943517
-2.61727741486134,1.51518319290396
-2.61951711339522,1.46697763168018
-2.25566865769606,1.07439914204759
-2.00571336764674,1.01853006297739
-2.17999894706707,1.09685331198319
-2.14511740489869,1.11437747456114
-2.13495486969665,1.12731161832739
-2.44713098806057,1.48593162091662
-2.04968783003278,1.29554850348266
-2.65428851506633,1.49327852750766
-2.29642146605762,1.48301586048008
-2.22567690890892,1.36702047832250
-2.10048693558876,1.27716327990917
-2.25429011561403,1.43543452056470
-2.01582530678310,1.22541135304373
-1.99400758687685,1.22305927610176
-1.96356351188600,1.14781380418038
-1.76923220661206,0.887312000018794
-1.85586083889849,0.678913796453115
-1.67946045399625,0.663599372832955
-2.48779662600843,1.34397445518037
-1.96586353336616,0.659248086699040
-2.08566297845975,1.28513052683457
-1.74816807859680,1.12169833135059
-1.69616013963068,0.691450671608728
-1.91676348855582,1.28261473443467
-1.80241611572888,1.20949032234689
-1.90734355606761,0.813059094107818
-1.72814951881930,0.632661767991528
-1.51264459824006,0.858221379287241
-2.01484011344191,1.20818539875085
-2.24032288743197,1.12389876114856
-0.611529885508565,2.51472503825347
-0.206432374876678,2.52863045065179
-0.713802430608856,2.33249547935543
-0.0494981578923612,2.27720450940532
0.276583184263677,2.76013966143833
-0.0800733704219521,2.17238501534651
-0.146465374881751,2.28632121123341
-0.135197150740299,2.10994065129039
-0.0599946675621101,2.21585751927568
-0.189561301312642,2.26967849367698
-0.132746301603571,2.28545025548654
-0.0504248334761073,2.15622642654869
0.0374695340016611,2.05379431269565
0.0215273436532093,2.11047352504693
0.0176049911624799,2.28955983328254
-0.0233509407325734,2.03303032003286
-0.466477044011927,2.15032154582183
-0.182245624679312,1.95665970790395
-0.299321410432709,2.19904391232993
-0.323947399862126,2.01511373063796
-0.400158421080695,2.22494204560302
-0.204651336857288,2.17071497829299
-0.241769201219704,2.29330610972002
-0.0142737857371449,2.36287570506530
-0.0797196457962199,2.39003289646036
-0.160539079801307,2.04300355914442
-0.513355733890242,2.21168135391897
-0.0812726626283317,1.93226324228241
-0.504649412443706,2.46994926641577
-0.713183823411081,2.33103843599239
-0.405399189973064,2.38855879860156
-0.631852505983443,2.46266996720512
-0.694724254579859,2.45780456850007
-0.0715995704481642,2.54326805361588
-0.159899562920059,2.61788828610285
-0.126832004423058,2.60152336963148
-0.166235902435423,2.57713855874850
-0.225212014622060,2.52097502306465
-0.212400412200557,2.42075985787739
-0.387458008490491,2.46203526367236
-0.109052892768671,2.40187906916526
-0.0965763318576118,2.44866602683000
-0.0838921291310751,2.52226107285711
-0.197883918706842,2.61671691232943
-0.164726133195007,2.41290777930832
-0.252355068348339,2.50754054068976
-0.456353377940165,2.42287995652925
-0.422860241079898,2.49137655858499
-0.0991006688936169,2.46498376740027
0.356223651025966,2.50485880871544
0.347720384376299,2.57656349764316
0.291193214204201,2.79981702919945
-0.254100921816182,2.50254574444551
0.0367335514595649,2.46233388015921
0.0507846939782173,2.23026014595829
0.187034305176502,2.76317068790950
0.0452028796588184,2.52212322828335
0.0788294644013127,2.56904185168077
0.0821617597778297,2.23679502275261
0.142873526040983,2.28765617811541
0.269712876565249,2.50529396191235
0.241615525400396,2.50846683179333
0.00487032118424269,2.71317672492656
0.264669339894684,2.19406860463246
-0.0556311525765606,2.63086925707974
-0.121140473374817,2.48935857586244
0.209901696945274,2.72525537212289
-0.0438486931682088,2.02487515827638
-0.251095115466557,2.09896816035525
0.234017420577675,2.31663830793750
-0.0856011865950050,2.55633834013390
-0.161715087208661,2.50812213643138
-0.163790900098961,2.16102861203510
-0.563553517317772,2.20595334079760
-0.188470833551887,2.52069377395722
-0.318845267216516,2.11289136157112
-0.107642822074166,2.30041660859723
-0.334641768844742,2.03872660181028
0.253206787027469,2.46426910879015
-0.514148675128447,2.32175335595316
-0.976104274657858,1.72433899595547
-0.459910493824431,1.94398386523425
-0.549557535353620,1.83179545791942
-0.491930929657193,1.89414989237843
-0.451740598228770,1.72219509509767
-0.734581908834075,1.81658132051546
-0.689401524313957,1.94012753861125
-0.655221932314441,1.65378364016752
-0.765724176351876,1.77249525314974
-0.656196167747715,1.74667397469834
-0.799048446619037,1.56885902902443
-0.713282767792225,1.55029880697656
-0.535697675678150,1.90287457229281
-0.714257040824246,1.81765143925072
-1.05842152343581,1.76758648144937
-0.855425142283087,1.61599971359560
-1.06275551665149,1.63599864066656
-0.983149550999857,1.66269489643715
-0.641394154783708,1.96430192854281
-0.873780854193481,2.10637834507434
-0.822262312570018,2.16468085877641
-0.997618995757093,2.18395973644947
-0.844711498072591,2.06703802909069
-1.27240140369464,2.17910784229720
-1.01407449645402,2.23070108534371
-1.16147503989431,2.20430406325695
-0.698933443228082,2.16919261305457
-1.06121475491579,1.96019241768894
-1.25563188482605,1.88091385727657
-1.22717443233135,1.86512624302209
-1.21321012138896,1.94223485441351
-1.22548405976953,1.87846723863209
-1.33084769026184,2.14745508342574
-1.36455026516670,1.93873798173301
-1.25509341554997,1.82825423205828
-1.07152409603357,2.21522838409118
-0.781646377087280,2.13537242346289
-0.450879949773321,1.77684150127306
-0.317081907081821,1.84817476728858
-0.409695501915210,1.88689361947081
-0.939252552220390,1.66858447077068
-0.570016120268334,2.05267873639453
-1.12385744431243,1.76268040015149
-0.707940712988599,1.79039834828178
-0.560531420596281,2.01918837047715
-1.02889438390731,2.01851488271314
-0.870964557553806,1.83223083005300
-0.920175038671369,1.73325979147736
-0.891907237033891,1.64707424663853
-0.682693095553751,2.20973176147494
-0.359197412049012,1.89483774250366
-0.691761638788274,1.85590247887661
-0.819440166833223,1.54432571275462